(629, 13)
(3419, 13)
(3662, 2)
(3663, 14)
(3664, 3)
(3666, 16)
(3667, 17)
(3668, 15)
(3670, 2)
(3672, 14)
(3673, 1)
(3674, 16)
(3675, 17)
(3676, 15)
(3782, 13)
(3809, 15)
(3810, 2)
(3811, 16)
(3812, 14)
(3813, 17)
(3845, 13)
(3877, 13)
(3878, 13)
(3898, 13)
(3941, 2)
(3942, 15)
(3943, 16)
(3944, 13)
(3952, 13)
(3985, 3)
(3986, 3)
(3991, 13)
(3996, 13)
(4006, 1)
(4007, 1)
(4008, 1)
(4009, 1)
(4010, 1)
(4011, 1)
(4012, 1)
(4013, 1)
(4021, 2)
(4022, 16)
(4023, 15)
(4024, 3)
(4025, 2)
(4026, 3)
(4027, 15)
(4028, 16)
(4082, 13)
(4083, 17)
(4095, 13)
(4101, 1)
(4102, 1)
(4107, 1)
(4108, 1)
(4263, 13)
(4299, 2)
(4301, 15)
(4302, 16)
(4303, 3)
(4314, 13)
(4327, 13)
(4365, 13)
(4384, 3)
(4385, 2)
(4386, 15)
(4387, 16)
(4388, 1)
(4401, 13)
(4569, 13)
(4619, 13)
(4669, 13)
(4719, 13)
(4769, 13)
(4869, 13)
(4969, 13)
(5019, 13)
(5119, 13)
(5169, 13)
(5269, 13)
(5319, 13)
(5369, 13)
(10000067, 1)
(10000068, 2)
(10000069, 16)
(10000070, 15)
(6019, 13)
(6042, 13)
(6048, 13)
(6054, 13)
(6073, 13)
(6082, 10000001)
(6083, 13)
(6098, 13)
(6164, 13)
(6238, 13)
(6271, 13)
(6272, 13)
(6302, 13)
(6303, 13)
(6310, 13)
(6313, 13)
(6331, 17)
(6443, 13)
(6447, 13)
(6449, 13)
(6453, 13)
(6455, 13)
(6470, 2)
(6473, 16)
(6474, 15)
(6495, 2)
(6498, 16)
(6499, 15)
(6590, 2)
(6592, 3)
(6593, 16)
(6594, 15)
(6690, 2)
(6692, 3)
(6693, 16)
(6694, 15)
(6715, 2)
(6717, 1)
(6718, 16)
(6719, 15)
(6720, 2)
(6721, 3)
(6722, 1)
(6723, 16)
(6724, 15)
(6725, 2)
(6727, 1)
(6728, 16)
(6729, 15)
(6780, 2)
(6782, 3)
(6783, 16)
(6784, 15)
(6855, 2)
(6857, 1)
(6858, 16)
(6859, 15)
(6880, 2)
(6881, 3)
(6882, 1)
(6883, 16)
(6884, 15)
(6885, 2)
(6886, 3)
(6887, 1)
(6888, 16)
(6889, 15)
(7032, 15)
(7039, 2)
(7041, 3)
(7042, 16)
(7052, 15)
(7053, 16)
(7054, 2)
(7055, 15)
(7056, 16)
(7057, 2)
(7058, 3)
(7060, 15)
(7061, 3)
(7062, 2)
(7063, 16)
(7064, 15)
(7065, 2)
(7066, 3)
(7067, 16)
(7077, 13)
(7119, 13)
(7137, 13)
(7189, 13)
(7190, 13)
(7238, 13)
(7240, 13)
(7255, 1)
(7256, 15)
(7257, 16)
(7258, 3)
(7259, 2)
(7320, 15)
(7321, 16)
(7322, 3)
(7323, 2)
(7324, 2)
(7325, 3)
(7326, 15)
(7327, 16)
(7342, 13)
(7346, 13)
(7371, 2)
(7372, 16)
(7373, 3)
(7374, 15)
(7381, 18)
(7382, 18)
(7383, 18)
(7384, 18)
(7385, 18)
(7386, 18)
(7387, 18)
(7388, 18)
(7389, 18)
(7390, 18)
(7391, 18)
(7392, 18)
(7393, 18)
(7394, 18)
(7395, 18)
(7396, 18)
(7397, 18)
(7398, 18)
(7399, 18)
(7400, 18)
(7401, 18)
(7402, 18)
(7403, 18)
(7404, 18)
(7405, 18)
(7406, 18)
(7407, 18)
(7408, 18)
(7409, 18)
(7410, 18)
(7411, 18)
(7412, 18)
(7413, 18)
(7414, 18)
(7415, 18)
(7416, 18)
(7417, 18)
(7418, 18)
(7419, 18)
(7420, 18)
(7421, 18)
(7422, 18)
(7423, 18)
(7424, 18)
(7425, 18)
(7426, 18)
(7427, 18)
(7428, 18)
(7429, 18)
(7430, 18)
(7476, 13)
(7490, 13)
(7491, 13)
(7492, 13)
(7493, 13)
(7495, 15)
(7496, 16)
(7497, 3)
(7498, 2)
(7506, 17)
(7507, 17)
(7508, 17)
(7614, 13)
(7615, 13)
(7641, 13)
(7642, 13)
(7645, 13)
(7646, 13)
(7647, 13)
(7648, 13)
(7652, 13)
(7677, 13)
(7678, 13)
(7679, 2)
(7680, 3)
(7681, 16)
(7682, 15)
(7683, 1)
(7684, 2)
(7685, 3)
(7686, 1)
(7687, 16)
(7688, 15)
(7690, 17)
(7691, 17)
(7692, 17)
(7693, 17)
(7694, 17)
(7695, 17)
(7698, 13)
(8045, 2)
(8046, 3)
(8048, 15)
(8050, 16)
(8051, 1)
(8052, 2)
(8053, 3)
(8054, 16)
(8055, 15)
(8084, 13)
(8105, 13)
(8107, 13)
(8110, 13)
(8115, 13)
(8116, 13)
(8119, 13)
(8125, 13)
(8127, 13)
(8130, 13)
(8135, 13)
(8136, 13)
(8143, 13)
(8145, 13)
(8148, 13)
(8153, 13)
(8154, 13)
(8156, 13)
(8162, 13)
(8164, 13)
(8167, 13)
(8172, 13)
(8173, 13)
(8180, 13)
(8182, 13)
(8185, 13)
(8190, 13)
(8196, 13)
(8198, 13)
(8201, 13)
(8206, 13)
(8207, 13)
(8210, 13)
(8216, 13)
(8218, 13)
(8221, 13)
(8226, 13)
(8227, 13)
(8234, 13)
(8236, 13)
(8239, 13)
(8244, 13)
(8245, 13)
(8247, 13)
(8253, 13)
(8255, 13)
(8258, 13)
(8263, 13)
(8264, 13)
(8271, 13)
(8273, 13)
(8276, 13)
(8281, 13)
(8287, 13)
(8289, 13)
(8292, 13)
(8297, 13)
(8298, 13)
(8305, 13)
(8307, 13)
(8310, 13)
(8315, 13)
(8316, 13)
(8323, 13)
(8325, 13)
(8328, 13)
(8333, 13)
(8334, 13)
(8341, 13)
(8343, 13)
(8346, 13)
(8351, 13)
(8352, 13)
(8359, 13)
(8361, 13)
(8364, 13)
(8369, 13)
(8370, 13)
(8373, 13)
(8379, 13)
(8381, 13)
(8384, 13)
(8389, 13)
(8395, 13)
(8397, 13)
(8400, 13)
(8405, 13)
(8406, 13)
(8412, 13)
(8414, 13)
(8417, 13)
(8422, 13)
(8423, 13)
(8429, 13)
(8431, 13)
(8434, 13)
(8439, 13)
(8440, 13)
(8446, 13)
(8448, 13)
(8451, 13)
(8456, 13)
(8457, 13)
(8463, 13)
(8465, 13)
(8468, 13)
(8473, 13)
(8475, 13)
(8481, 13)
(8483, 13)
(8486, 13)
(8491, 13)
(8493, 13)
(8499, 13)
(8501, 13)
(8504, 13)
(8509, 13)
(8511, 13)
(8517, 13)
(8519, 13)
(8522, 13)
(8527, 13)
(8529, 13)
(8535, 13)
(8537, 13)
(8540, 13)
(8545, 13)
(8550, 13)
(8552, 13)
(8555, 13)
(8560, 13)
(8567, 13)
(8569, 13)
(8572, 13)
(8577, 13)
(8584, 13)
(8586, 13)
(8589, 13)
(8594, 13)
(8601, 13)
(8603, 13)
(8606, 13)
(8611, 13)
(8618, 13)
(8620, 13)
(8623, 13)
(8628, 13)
(8636, 13)
(8638, 13)
(8641, 13)
(8646, 13)
(8648, 13)
(8654, 13)
(8656, 13)
(8659, 13)
(8664, 13)
(8666, 13)
(8672, 13)
(8674, 13)
(8677, 13)
(8682, 13)
(8684, 13)
(8690, 13)
(8692, 13)
(8695, 13)
(8700, 13)
(8702, 13)
(8708, 13)
(8710, 13)
(8713, 13)
(8718, 13)
(8722, 13)
(8724, 13)
(8727, 13)
(8732, 13)
(8736, 13)
(8738, 13)
(8741, 13)
(8746, 13)
(8750, 13)
(8752, 13)
(8755, 13)
(8760, 13)
(8764, 13)
(8766, 13)
(8769, 13)
(8774, 13)
(8778, 13)
(8780, 13)
(8783, 13)
(8788, 13)
(8792, 13)
(8794, 13)
(8797, 13)
(8802, 13)
(8806, 13)
(8808, 13)
(8811, 13)
(8816, 13)
(8820, 13)
(8822, 13)
(8825, 13)
(8830, 13)
(8834, 13)
(8836, 13)
(8839, 13)
(8844, 13)
(8848, 13)
(8850, 13)
(8853, 13)
(8858, 13)
(8862, 13)
(8864, 13)
(8867, 13)
(8872, 13)
(8876, 13)
(8878, 13)
(8881, 13)
(8886, 13)
(8890, 13)
(8892, 13)
(8895, 13)
(8900, 13)
(8904, 13)
(8906, 13)
(8909, 13)
(8914, 13)
(8918, 13)
(8920, 13)
(8923, 13)
(8928, 13)
(8932, 13)
(8934, 13)
(8937, 13)
(8942, 13)
(8946, 13)
(8948, 13)
(8951, 13)
(8956, 13)
(8960, 13)
(8962, 13)
(8965, 13)
(8970, 13)
(8974, 13)
(8976, 13)
(8979, 13)
(8984, 13)
(8988, 13)
(8990, 13)
(8993, 13)
(8998, 13)
(9002, 13)
(9004, 13)
(9007, 13)
(9012, 13)
(9016, 13)
(9018, 13)
(9021, 13)
(9026, 13)
(9030, 13)
(9032, 13)
(9035, 13)
(9040, 13)
(9044, 13)
(9046, 13)
(9049, 13)
(9054, 13)
(9058, 13)
(9060, 13)
(9063, 13)
(9068, 13)
(9072, 13)
(9074, 13)
(9077, 13)
(9082, 13)
(9086, 13)
(9088, 13)
(9091, 13)
(9096, 13)
(9100, 13)
(9102, 13)
(9105, 13)
(9110, 13)
(9114, 13)
(9116, 13)
(9119, 13)
(9124, 13)
(9142, 13)
(9144, 13)
(9147, 13)
(9152, 13)
(9285, 13)
(9345, 2)
(9346, 3)
(9347, 15)
(9348, 16)
(9349, 2)
(9350, 16)
(9351, 15)
(9352, 3)
(9355, 14)
(9356, 14)
(9359, 18)
(9360, 18)
(9361, 18)
(9362, 18)
(9363, 18)
(9364, 18)
(9365, 18)
(9366, 18)
(9367, 18)
(9368, 18)
(9369, 18)
(9370, 18)
(9371, 18)
(9372, 18)
(9373, 18)
(9374, 18)
(9375, 18)
(9376, 18)
(9377, 18)
(9378, 18)
(9379, 18)
(9380, 18)
(9381, 18)
(9382, 18)
(9383, 18)
(9384, 18)
(9385, 18)
(9386, 18)
(9387, 18)
(9388, 18)
(9389, 18)
(9390, 18)
(9391, 18)
(9392, 18)
(9393, 18)
(9394, 18)
(9395, 18)
(9396, 18)
(9397, 18)
(9398, 18)
(9399, 18)
(9400, 18)
(9401, 18)
(9402, 18)
(9403, 18)
(9404, 18)
(9405, 18)
(9406, 18)
(9407, 18)
(9408, 18)
(9409, 18)
(9410, 18)
(9411, 18)
(9412, 18)
(9413, 18)
(9414, 18)
(9415, 18)
(9416, 18)
(9417, 18)
(9418, 18)
(9419, 18)
(9420, 18)
(9421, 18)
(9422, 18)
(9423, 18)
(9424, 18)
(9425, 18)
(9426, 18)
(9427, 18)
(9428, 18)
(9429, 18)
(9430, 18)
(9431, 18)
(9432, 18)
(9433, 18)
(9434, 18)
(9435, 18)
(9436, 18)
(9437, 18)
(9438, 18)
(9439, 18)
(9440, 18)
(9441, 18)
(9442, 18)
(9443, 18)
(9444, 18)
(9445, 18)
(9446, 18)
(9447, 18)
(9448, 18)
(9449, 18)
(9450, 18)
(9451, 18)
(9452, 18)
(9453, 18)
(9454, 18)
(9455, 18)
(9456, 18)
(9457, 18)
(9458, 18)
(9481, 13)
(9489, 2)
(9490, 16)
(9491, 15)
(9516, 2)
(9517, 16)
(9518, 15)
(9531, 2)
(9532, 16)
(9533, 15)
(9534, 13)
(9675, 13)
(9738, 13)
(9752, 13)
(9754, 13)
(9781, 14)
(9782, 14)
(9783, 14)
(9784, 14)
(9792, 14)
(9793, 14)
(9795, 14)
(9805, 13)
(9808, 1)
(9809, 1)
(9815, 15)
(9819, 1)
(9820, 1)
(9827, 1)
(9829, 1)
(9837, 1)
(9844, 3)
(9852, 3)
(9856, 1)
(9860, 3)
(9862, 16)
(9869, 1)
(9870, 1)
(9873, 1)
(9875, 3)
(9886, 16)
(9897, 2)
(9961, 16)
(9962, 2)
(9967, 16)
(9968, 3)
(9971, 2)
(9975, 1)
(9986, 3)
(9987, 16)
(9992, 1)
(9994, 2)
(10003, 3)
(10006, 2)
(10008, 3)
(10015, 15)
(10019, 1)
(10022, 3)
(10026, 15)
(10032, 3)
(10042, 15)
(10049, 16)
(10050, 3)
(10051, 3)
(10065, 1)
(10066, 15)
(10068, 3)
(10079, 2)
(10080, 15)
(10131, 2)
(10132, 3)
(10133, 16)
(10134, 15)
(10161, 13)
(10171, 13)
(10172, 13)
(10239, 17)
(10241, 13)
(10266, 13)
(10268, 13)
(10269, 13)
(10270, 13)
(10271, 13)
(10272, 13)
(10273, 13)
(10277, 13)
(10279, 13)
(10280, 13)
(10286, 13)
(10288, 13)
(10292, 13)
(10357, 13)
(10437, 2)
(10438, 3)
(10439, 16)
(10440, 15)
(10441, 1)
(10529, 13)
(10530, 13)
(10531, 13)
(10532, 13)
(10533, 13)
(10536, 13)
(10537, 13)
(10538, 13)
(10602, 13)
(10604, 13)
(10613, 13)
(10634, 13)
(10635, 13)
(10636, 13)
(10726, 13)
(10762, 13)
(10763, 13)
(10843, 15)
(10844, 2)
(10845, 3)
(10846, 16)
(10847, 1)
(10855, 13)
(10856, 13)
(10859, 13)
(10861, 1)
(10863, 2)
(10864, 3)
(10865, 1)
(10866, 16)
(10867, 15)
(10868, 2)
(10869, 3)
(10870, 1)
(10871, 16)
(10872, 15)
(10873, 2)
(10874, 3)
(10875, 1)
(10876, 16)
(10877, 15)
(10878, 2)
(10879, 3)
(10880, 1)
(10881, 16)
(10882, 15)
(10883, 2)
(10884, 3)
(10885, 1)
(10886, 16)
(10887, 15)
(10888, 2)
(10889, 3)
(10890, 1)
(10891, 16)
(10892, 15)
(10893, 2)
(10894, 3)
(10895, 1)
(10896, 16)
(10897, 15)
(10898, 2)
(10899, 3)
(10900, 1)
(10901, 16)
(10902, 15)
(10903, 2)
(10904, 3)
(10905, 1)
(10906, 16)
(10907, 15)
(10908, 1)
(10909, 3)
(10910, 1)
(10911, 1)
(10912, 3)
(10913, 2)
(10914, 16)
(10915, 15)
(10916, 1)
(10917, 3)
(10918, 2)
(10919, 16)
(10920, 15)
(10921, 1)
(10922, 3)
(10923, 2)
(10924, 16)
(10925, 15)
(10926, 1)
(10927, 3)
(10928, 2)
(10929, 16)
(10930, 15)
(10931, 1)
(10932, 3)
(10933, 2)
(10934, 16)
(10935, 15)
(10936, 1)
(10937, 3)
(10938, 2)
(10939, 16)
(10940, 15)
(10941, 2)
(10942, 3)
(10943, 1)
(10944, 16)
(10945, 15)
(10946, 2)
(10947, 3)
(10948, 1)
(10949, 16)
(10950, 15)
(10951, 1)
(10952, 1)
(10954, 2)
(10955, 3)
(10956, 1)
(10957, 16)
(10958, 15)
(10959, 2)
(10960, 3)
(10961, 1)
(10962, 16)
(10963, 15)
(10964, 2)
(10965, 3)
(10966, 1)
(10967, 16)
(10968, 15)
(10969, 2)
(10970, 3)
(10971, 1)
(10972, 16)
(10973, 15)
(10974, 2)
(10975, 3)
(10976, 1)
(10977, 16)
(10978, 15)
(10983, 1)
(10990, 13)
(10991, 2)
(10992, 3)
(10993, 1)
(10994, 16)
(10996, 15)
(11069, 2)
(11070, 3)
(11071, 1)
(11072, 16)
(11073, 15)
(11124, 13)
(11135, 13)
(11341, 13)
(11350, 13)
(11358, 13)
(11366, 13)
(11387, 13)
(11389, 13)
(11394, 13)
(11415, 13)
(11417, 13)
(11422, 13)
(11442, 13)
(11444, 13)
(11449, 13)
(11470, 13)
(11472, 13)
(11477, 13)
(11497, 13)
(11499, 13)
(11504, 13)
(11515, 13)
(11517, 13)
(11520, 13)
(11526, 13)
(20000018, 3)
(20000019, 16)
(20000021, 3)
(11559, 13)
(11561, 13)
(11564, 13)
(11570, 13)
(11581, 13)
(11583, 13)
(11586, 13)
(11592, 13)
(20000076, 1)
(20000078, 13)
(20000079, 13)
(11603, 13)
(11605, 13)
(11608, 13)
(11614, 13)
(11623, 13)
(11635, 13)
(11637, 13)
(11642, 13)
(11651, 13)
(11663, 13)
(11665, 13)
(11670, 13)
(11679, 13)
(11691, 13)
(11693, 13)
(11698, 13)
(11707, 13)
(11719, 13)
(11721, 13)
(11726, 13)
(11737, 13)
(11739, 13)
(11742, 13)
(11748, 13)
(11759, 13)
(11761, 13)
(11764, 13)
(11770, 13)
(11781, 13)
(11783, 13)
(11786, 13)
(11792, 13)
(11800, 13)
(11804, 13)
(11815, 13)
(11817, 13)
(11822, 13)
(11830, 13)
(11834, 13)
(11845, 13)
(11847, 13)
(11852, 13)
(11860, 13)
(11864, 13)
(11875, 13)
(11877, 13)
(11882, 13)
(11889, 13)
(11893, 13)
(11904, 13)
(11906, 13)
(11911, 13)
(11918, 13)
(11922, 13)
(11933, 13)
(11935, 13)
(11940, 13)
(11951, 13)
(11953, 13)
(11956, 13)
(11962, 13)
(11973, 13)
(11975, 13)
(11978, 13)
(11984, 13)
(11995, 13)
(11997, 13)
(12000, 13)
(12006, 13)
(12014, 13)
(12022, 13)
(12030, 13)
(12038, 13)
(12046, 13)
(12054, 13)
(12058, 13)
(12069, 13)
(12071, 13)
(12076, 13)
(12084, 13)
(12088, 13)
(12099, 13)
(12101, 13)
(12106, 13)
(12114, 13)
(12118, 13)
(12129, 13)
(12131, 13)
(12136, 13)
(12143, 13)
(12147, 13)
(12158, 13)
(12160, 13)
(12165, 13)
(12172, 13)
(12176, 13)
(12187, 13)
(12189, 13)
(12194, 13)
(12215, 13)
(12217, 13)
(12220, 13)
(12226, 13)
(12247, 13)
(12249, 13)
(12252, 13)
(12258, 13)
(12279, 13)
(12281, 13)
(12284, 13)
(12290, 13)
(12311, 13)
(12313, 13)
(12316, 13)
(12322, 13)
(12343, 13)
(12345, 13)
(12348, 13)
(12354, 13)
(12362, 13)
(12366, 13)
(12377, 13)
(12379, 13)
(12384, 13)
(12392, 13)
(12396, 13)
(12407, 13)
(12409, 13)
(12414, 13)
(12422, 13)
(12426, 13)
(12437, 13)
(12439, 13)
(12444, 13)
(12451, 13)
(12455, 13)
(12466, 13)
(12468, 13)
(12473, 13)
(12481, 13)
(12485, 13)
(12496, 13)
(12498, 13)
(12503, 13)
(12510, 13)
(12514, 13)
(12525, 13)
(12527, 13)
(12532, 13)
(12540, 13)
(12548, 13)
(12556, 13)
(12564, 13)
(12572, 13)
(12580, 13)
(12588, 13)
(12596, 13)
(12604, 13)
(12612, 13)
(12620, 13)
(12628, 13)
(12636, 13)
(12644, 13)
(12652, 13)
(12660, 13)
(12715, 13)
(12720, 13)
(12725, 13)
(12730, 13)
(12735, 13)
(12740, 13)
(12745, 13)
(12750, 13)
(12755, 13)
(12760, 13)
(12761, 13)
(12766, 13)
(12771, 13)
(12776, 13)
(12781, 13)
(12786, 13)
(12791, 13)
(12796, 13)
(12797, 13)
(12802, 13)
(12807, 13)
(12812, 13)
(12817, 13)
(12822, 13)
(12827, 13)
(12832, 13)
(12837, 13)
(12842, 13)
(12850, 13)
(12854, 13)
(12858, 13)
(12862, 13)
(12867, 13)
(12872, 13)
(12877, 13)
(12882, 13)
(12883, 13)
(12888, 13)
(12893, 13)
(12898, 13)
(12903, 13)
(12904, 13)
(12909, 13)
(12914, 13)
(12919, 13)
(12924, 13)
(12929, 13)
(12934, 13)
(12939, 13)
(12949, 13)
(12950, 13)
(12951, 13)
(12952, 13)
(13008, 2)
(13013, 2)
(13018, 2)
(13022, 2)
(13025, 2)
(13028, 2)
(13030, 3)
(13035, 3)
(13040, 3)
(13044, 3)
(13047, 3)
(13050, 3)
(13052, 1)
(13057, 1)
(13062, 1)
(13066, 1)
(13069, 1)
(13072, 1)
(13074, 16)
(13079, 16)
(13084, 16)
(13088, 16)
(13091, 16)
(13094, 16)
(13096, 15)
(13101, 15)
(13106, 15)
(13110, 15)
(13113, 15)
(13116, 15)
(13118, 2)
(13123, 2)
(13128, 2)
(13133, 2)
(13138, 2)
(13143, 2)
(13148, 2)
(13153, 2)
(13154, 3)
(13159, 3)
(13164, 3)
(13169, 3)
(13174, 3)
(13179, 3)
(13184, 3)
(13189, 3)
(13190, 1)
(13195, 1)
(13200, 1)
(13205, 1)
(13210, 1)
(13215, 1)
(13220, 1)
(13225, 1)
(13226, 16)
(13231, 16)
(13236, 16)
(13241, 16)
(13246, 16)
(13251, 16)
(13256, 16)
(13261, 16)
(13262, 15)
(13267, 15)
(13272, 15)
(13277, 15)
(13282, 15)
(13287, 15)
(13292, 15)
(13297, 15)
(13298, 2)
(13303, 2)
(13308, 2)
(13313, 2)
(13318, 2)
(13323, 2)
(13328, 2)
(13333, 2)
(13334, 3)
(13339, 3)
(13344, 3)
(13349, 3)
(13354, 3)
(13359, 3)
(13364, 3)
(13369, 3)
(13370, 1)
(13375, 1)
(13380, 1)
(13385, 1)
(13390, 1)
(13395, 1)
(13400, 1)
(13405, 1)
(13406, 16)
(13411, 16)
(13416, 16)
(13421, 16)
(13426, 16)
(13431, 16)
(13436, 16)
(13441, 16)
(13442, 15)
(13447, 15)
(13452, 15)
(13457, 15)
(13462, 15)
(13467, 15)
(13472, 15)
(13477, 15)
(13478, 2)
(13483, 2)
(13487, 2)
(13491, 2)
(13498, 2)
(13501, 2)
(13504, 2)
(13506, 3)
(13511, 3)
(13515, 3)
(13519, 3)
(13526, 3)
(13529, 3)
(13532, 3)
(13534, 1)
(13539, 1)
(13543, 1)
(13547, 1)
(13554, 1)
(13557, 1)
(13560, 1)
(13562, 16)
(13567, 16)
(13571, 16)
(13575, 16)
(13582, 16)
(13585, 16)
(13588, 16)
(13590, 15)
(13595, 15)
(13599, 15)
(13603, 15)
(13610, 15)
(13613, 15)
(13616, 15)
(13618, 2)
(13623, 2)
(13628, 2)
(13633, 2)
(13638, 2)
(13643, 2)
(13648, 2)
(13653, 2)
(13658, 2)
(13663, 2)
(13664, 3)
(13669, 3)
(13674, 3)
(13679, 3)
(13684, 3)
(13689, 3)
(13694, 3)
(13699, 3)
(13704, 3)
(13709, 3)
(13710, 1)
(13715, 1)
(13720, 1)
(13725, 1)
(13730, 1)
(13735, 1)
(13740, 1)
(13745, 1)
(13750, 1)
(13755, 1)
(13756, 16)
(13761, 16)
(13766, 16)
(13771, 16)
(13776, 16)
(13781, 16)
(13786, 16)
(13791, 16)
(13796, 16)
(13801, 16)
(13802, 15)
(13807, 15)
(13812, 15)
(13817, 15)
(13822, 15)
(13827, 15)
(13832, 15)
(13837, 15)
(13842, 15)
(13847, 15)
(13848, 2)
(13853, 2)
(13858, 2)
(13863, 2)
(13868, 2)
(13873, 2)
(13878, 2)
(13883, 2)
(13888, 2)
(13893, 2)
(13894, 3)
(13899, 3)
(13904, 3)
(13909, 3)
(13914, 3)
(13919, 3)
(13924, 3)
(13929, 3)
(13934, 3)
(13939, 3)
(13940, 1)
(13945, 1)
(13950, 1)
(13955, 1)
(13960, 1)
(13965, 1)
(13970, 1)
(13975, 1)
(13980, 1)
(13985, 1)
(13986, 16)
(13991, 16)
(13996, 16)
(14001, 16)
(14006, 16)
(14011, 16)
(14016, 16)
(14021, 16)
(14026, 16)
(14031, 16)
(14032, 15)
(14037, 15)
(14042, 15)
(14047, 15)
(14052, 15)
(14057, 15)
(14062, 15)
(14067, 15)
(14072, 15)
(14077, 15)
(14078, 2)
(14083, 2)
(14088, 2)
(14093, 2)
(14098, 2)
(14103, 2)
(14108, 2)
(14113, 2)
(14118, 2)
(14123, 2)
(14124, 3)
(14129, 3)
(14134, 3)
(14139, 3)
(14144, 3)
(14149, 3)
(14154, 3)
(14159, 3)
(14164, 3)
(14169, 3)
(14170, 1)
(14175, 1)
(14180, 1)
(14185, 1)
(14190, 1)
(14195, 1)
(14200, 1)
(14205, 1)
(14210, 1)
(14215, 1)
(14216, 16)
(14221, 16)
(14226, 16)
(14231, 16)
(14236, 16)
(14241, 16)
(14246, 16)
(14251, 16)
(14256, 16)
(14261, 16)
(14262, 15)
(14267, 15)
(14272, 15)
(14277, 15)
(14282, 15)
(14287, 15)
(14292, 15)
(14297, 15)
(14302, 15)
(14307, 15)
(14308, 2)
(14313, 2)
(14318, 2)
(14323, 2)
(14328, 2)
(14333, 2)
(14338, 2)
(14343, 2)
(14348, 2)
(14353, 2)
(14354, 3)
(14359, 3)
(14364, 3)
(14369, 3)
(14374, 3)
(14379, 3)
(14384, 3)
(14389, 3)
(14394, 3)
(14399, 3)
(14400, 1)
(14405, 1)
(14410, 1)
(14415, 1)
(14420, 1)
(14425, 1)
(14430, 1)
(14435, 1)
(14440, 1)
(14445, 1)
(14446, 16)
(14451, 16)
(14456, 16)
(14461, 16)
(14466, 16)
(14471, 16)
(14476, 16)
(14481, 16)
(14486, 16)
(14491, 16)
(14492, 15)
(14497, 15)
(14502, 15)
(14507, 15)
(14512, 15)
(14517, 15)
(14522, 15)
(14527, 15)
(14532, 15)
(14537, 15)
(14538, 2)
(14543, 2)
(14551, 2)
(14554, 2)
(14557, 2)
(14559, 3)
(14564, 3)
(14572, 3)
(14577, 3)
(14579, 1)
(14584, 1)
(14589, 1)
(14593, 1)
(14596, 1)
(14599, 1)
(14601, 16)
(14606, 16)
(14614, 16)
(14619, 16)
(14621, 15)
(14626, 15)
(14634, 15)
(14637, 15)
(14640, 15)
(14642, 2)
(14647, 2)
(14652, 2)
(14657, 2)
(14662, 2)
(14667, 2)
(14672, 2)
(14677, 2)
(14678, 3)
(14683, 3)
(14688, 3)
(14693, 3)
(14698, 3)
(14703, 3)
(14708, 3)
(14713, 3)
(14714, 1)
(14719, 1)
(14724, 1)
(14729, 1)
(14734, 1)
(14739, 1)
(14744, 1)
(14749, 1)
(14750, 16)
(14755, 16)
(14760, 16)
(14765, 16)
(14770, 16)
(14775, 16)
(14780, 16)
(14785, 16)
(14786, 15)
(14791, 15)
(14796, 15)
(14801, 15)
(14806, 15)
(14811, 15)
(14816, 15)
(14821, 15)
(14822, 2)
(14827, 2)
(14832, 2)
(14837, 2)
(14842, 2)
(14847, 2)
(14852, 2)
(14857, 2)
(14858, 3)
(14863, 3)
(14868, 3)
(14873, 3)
(14878, 3)
(14883, 3)
(14888, 3)
(14893, 3)
(14894, 1)
(14899, 1)
(14904, 1)
(14909, 1)
(14914, 1)
(14919, 1)
(14924, 1)
(14929, 1)
(14930, 16)
(14935, 16)
(14940, 16)
(14945, 16)
(14950, 16)
(14955, 16)
(14960, 16)
(14965, 16)
(14966, 15)
(14971, 15)
(14976, 15)
(14981, 15)
(14986, 15)
(14991, 15)
(14996, 15)
(15001, 15)
(15002, 2)
(15007, 2)
(15012, 2)
(15017, 2)
(15022, 2)
(15027, 2)
(15032, 2)
(15037, 2)
(15038, 3)
(15043, 3)
(15048, 3)
(15053, 3)
(15058, 3)
(15063, 3)
(15068, 3)
(15073, 3)
(15074, 1)
(15079, 1)
(15084, 1)
(15089, 1)
(15094, 1)
(15099, 1)
(15104, 1)
(15109, 1)
(15110, 16)
(15115, 16)
(15120, 16)
(15125, 16)
(15130, 16)
(15135, 16)
(15140, 16)
(15145, 16)
(15146, 15)
(15151, 15)
(15156, 15)
(15161, 15)
(15166, 15)
(15171, 15)
(15176, 15)
(15181, 15)
(15182, 2)
(15187, 2)
(15192, 2)
(15197, 2)
(15202, 2)
(15207, 2)
(15212, 2)
(15217, 2)
(15218, 3)
(15223, 3)
(15228, 3)
(15233, 3)
(15238, 3)
(15243, 3)
(15248, 3)
(15253, 3)
(15254, 1)
(15259, 1)
(15264, 1)
(15269, 1)
(15274, 1)
(15279, 1)
(15284, 1)
(15289, 1)
(15290, 16)
(15295, 16)
(15300, 16)
(15305, 16)
(15310, 16)
(15315, 16)
(15320, 16)
(15325, 16)
(15326, 15)
(15331, 15)
(15336, 15)
(15341, 15)
(15346, 15)
(15351, 15)
(15356, 15)
(15361, 15)
(15362, 2)
(15367, 2)
(15372, 2)
(15377, 2)
(15382, 2)
(15387, 2)
(15392, 2)
(15397, 2)
(15398, 3)
(15403, 3)
(15408, 3)
(15413, 3)
(15418, 3)
(15423, 3)
(15428, 3)
(15433, 3)
(15434, 1)
(15439, 1)
(15444, 1)
(15449, 1)
(15454, 1)
(15459, 1)
(15464, 1)
(15469, 1)
(15470, 16)
(15475, 16)
(15480, 16)
(15485, 16)
(15490, 16)
(15495, 16)
(15500, 16)
(15505, 16)
(15506, 15)
(15511, 15)
(15516, 15)
(15521, 15)
(15526, 15)
(15531, 15)
(15536, 15)
(15541, 15)
(15542, 2)
(15553, 2)
(15557, 2)
(15564, 2)
(15567, 2)
(15570, 2)
(15572, 3)
(15583, 3)
(15587, 3)
(15594, 3)
(15597, 3)
(15600, 3)
(15602, 1)
(15613, 1)
(15617, 1)
(15624, 1)
(15627, 1)
(15630, 1)
(15632, 16)
(15643, 16)
(15647, 16)
(15654, 16)
(15657, 16)
(15660, 16)
(15662, 15)
(15673, 15)
(15677, 15)
(15684, 15)
(15687, 15)
(15690, 15)
(15692, 2)
(15696, 2)
(15701, 2)
(15706, 2)
(15711, 2)
(15716, 2)
(15721, 2)
(15726, 2)
(15731, 2)
(15736, 2)
(15741, 2)
(15742, 3)
(15746, 3)
(15751, 3)
(15756, 3)
(15761, 3)
(15766, 3)
(15771, 3)
(15776, 3)
(15781, 3)
(15786, 3)
(15791, 3)
(15792, 1)
(15796, 1)
(15801, 1)
(15806, 1)
(15811, 1)
(15816, 1)
(15821, 1)
(15826, 1)
(15831, 1)
(15836, 1)
(15841, 1)
(15842, 16)
(15846, 16)
(15851, 16)
(15856, 16)
(15861, 16)
(15866, 16)
(15871, 16)
(15876, 16)
(15881, 16)
(15886, 16)
(15891, 16)
(15892, 15)
(15896, 15)
(15901, 15)
(15906, 15)
(15911, 15)
(15916, 15)
(15921, 15)
(15926, 15)
(15931, 15)
(15936, 15)
(15941, 15)
(15942, 2)
(15946, 2)
(15951, 2)
(15956, 2)
(15961, 2)
(15966, 2)
(15971, 2)
(15976, 2)
(15981, 2)
(15986, 2)
(15991, 2)
(15992, 3)
(15996, 3)
(16001, 3)
(16006, 3)
(16011, 3)
(16016, 3)
(16021, 3)
(16026, 3)
(16031, 3)
(16036, 3)
(16041, 3)
(16042, 1)
(16046, 1)
(16051, 1)
(16056, 1)
(16061, 1)
(16066, 1)
(16071, 1)
(16076, 1)
(16081, 1)
(16086, 1)
(16091, 1)
(16092, 16)
(16096, 16)
(16101, 16)
(16106, 16)
(16111, 16)
(16116, 16)
(16121, 16)
(16126, 16)
(16131, 16)
(16136, 16)
(16141, 16)
(16142, 15)
(16146, 15)
(16151, 15)
(16156, 15)
(16161, 15)
(16166, 15)
(16171, 15)
(16176, 15)
(16181, 15)
(16186, 15)
(16191, 15)
(16192, 2)
(16196, 2)
(16201, 2)
(16206, 2)
(16211, 2)
(16216, 2)
(16221, 2)
(16226, 2)
(16231, 2)
(16236, 2)
(16241, 2)
(16242, 3)
(16246, 3)
(16251, 3)
(16256, 3)
(16261, 3)
(16266, 3)
(16271, 3)
(16276, 3)
(16281, 3)
(16286, 3)
(16291, 3)
(16292, 1)
(16296, 1)
(16301, 1)
(16306, 1)
(16311, 1)
(16316, 1)
(16321, 1)
(16326, 1)
(16331, 1)
(16336, 1)
(16341, 1)
(16342, 16)
(16346, 16)
(16351, 16)
(16356, 16)
(16361, 16)
(16366, 16)
(16371, 16)
(16376, 16)
(16381, 16)
(16386, 16)
(16391, 16)
(16392, 15)
(16396, 15)
(16401, 15)
(16406, 15)
(16411, 15)
(16416, 15)
(16421, 15)
(16426, 15)
(16431, 15)
(16436, 15)
(16441, 15)
(16442, 2)
(16446, 2)
(16451, 2)
(16456, 2)
(16461, 2)
(16466, 2)
(16471, 2)
(16476, 2)
(16481, 2)
(16486, 2)
(16491, 2)
(16492, 3)
(16496, 3)
(16501, 3)
(16506, 3)
(16511, 3)
(16516, 3)
(16521, 3)
(16526, 3)
(16531, 3)
(16536, 3)
(16541, 3)
(16542, 1)
(16546, 1)
(16551, 1)
(16556, 1)
(16561, 1)
(16566, 1)
(16571, 1)
(16576, 1)
(16581, 1)
(16586, 1)
(16591, 1)
(16592, 16)
(16596, 16)
(16601, 16)
(16606, 16)
(16611, 16)
(16616, 16)
(16621, 16)
(16626, 16)
(16631, 16)
(16636, 16)
(16641, 16)
(16642, 15)
(16646, 15)
(16651, 15)
(16656, 15)
(16661, 15)
(16666, 15)
(16671, 15)
(16676, 15)
(16681, 15)
(16686, 15)
(16691, 15)
(16692, 2)
(16696, 2)
(16701, 2)
(16706, 2)
(16711, 2)
(16716, 2)
(16721, 2)
(16726, 2)
(16731, 2)
(16736, 2)
(16741, 2)
(16742, 3)
(16746, 3)
(16751, 3)
(16756, 3)
(16761, 3)
(16766, 3)
(16771, 3)
(16776, 3)
(16781, 3)
(16786, 3)
(16791, 3)
(16792, 1)
(16796, 1)
(16801, 1)
(16806, 1)
(16811, 1)
(16816, 1)
(16821, 1)
(16826, 1)
(16831, 1)
(16836, 1)
(16841, 1)
(16842, 16)
(16846, 16)
(16851, 16)
(16856, 16)
(16861, 16)
(16866, 16)
(16871, 16)
(16876, 16)
(16881, 16)
(16886, 16)
(16891, 16)
(16892, 15)
(16896, 15)
(16901, 15)
(16906, 15)
(16911, 15)
(16916, 15)
(16921, 15)
(16926, 15)
(16931, 15)
(16936, 15)
(16941, 15)
(16942, 2)
(16946, 2)
(16951, 2)
(16956, 2)
(16961, 2)
(16966, 2)
(16971, 2)
(16976, 2)
(16981, 2)
(16986, 2)
(16991, 2)
(16992, 3)
(16996, 3)
(17001, 3)
(17006, 3)
(17011, 3)
(17016, 3)
(17021, 3)
(17026, 3)
(17031, 3)
(17036, 3)
(17041, 3)
(17042, 1)
(17046, 1)
(17051, 1)
(17056, 1)
(17061, 1)
(17066, 1)
(17071, 1)
(17076, 1)
(17081, 1)
(17086, 1)
(17091, 1)
(17092, 16)
(17096, 16)
(17101, 16)
(17106, 16)
(17111, 16)
(17116, 16)
(17121, 16)
(17126, 16)
(17131, 16)
(17136, 16)
(17141, 16)
(17142, 15)
(17146, 15)
(17151, 15)
(17156, 15)
(17161, 15)
(17166, 15)
(17171, 15)
(17176, 15)
(17181, 15)
(17186, 15)
(17191, 15)
(17192, 2)
(17196, 2)
(17201, 2)
(17206, 2)
(17211, 2)
(17216, 2)
(17221, 2)
(17226, 2)
(17231, 2)
(17236, 2)
(17241, 2)
(17242, 3)
(17246, 3)
(17251, 3)
(17256, 3)
(17261, 3)
(17266, 3)
(17271, 3)
(17276, 3)
(17281, 3)
(17286, 3)
(17291, 3)
(17292, 1)
(17296, 1)
(17301, 1)
(17306, 1)
(17311, 1)
(17316, 1)
(17321, 1)
(17326, 1)
(17331, 1)
(17336, 1)
(17341, 1)
(17342, 16)
(17346, 16)
(17351, 16)
(17356, 16)
(17361, 16)
(17366, 16)
(17371, 16)
(17376, 16)
(17381, 16)
(17386, 16)
(17391, 16)
(17392, 15)
(17396, 15)
(17401, 15)
(17406, 15)
(17411, 15)
(17416, 15)
(17421, 15)
(17426, 15)
(17431, 15)
(17436, 15)
(17441, 15)
(17442, 2)
(17447, 2)
(17452, 2)
(17456, 2)
(17458, 2)
(17461, 2)
(17463, 3)
(17468, 3)
(17473, 3)
(17477, 3)
(17480, 3)
(17483, 3)
(17485, 1)
(17490, 1)
(17495, 1)
(17499, 1)
(17502, 1)
(17505, 1)
(17507, 16)
(17512, 16)
(17517, 16)
(17521, 16)
(17523, 16)
(17526, 16)
(17528, 15)
(17533, 15)
(17538, 15)
(17542, 15)
(17544, 15)
(17547, 15)
(17549, 2)
(17554, 2)
(17559, 2)
(17564, 2)
(17569, 2)
(17574, 2)
(17579, 2)
(17584, 2)
(17585, 3)
(17590, 3)
(17595, 3)
(17600, 3)
(17605, 3)
(17610, 3)
(17615, 3)
(17620, 3)
(17621, 1)
(17626, 1)
(17631, 1)
(17636, 1)
(17641, 1)
(17646, 1)
(17651, 1)
(17656, 1)
(17657, 16)
(17662, 16)
(17667, 16)
(17672, 16)
(17677, 16)
(17682, 16)
(17687, 16)
(17692, 16)
(17693, 15)
(17698, 15)
(17703, 15)
(17708, 15)
(17713, 15)
(17718, 15)
(17723, 15)
(17728, 15)
(17729, 2)
(17734, 2)
(17739, 2)
(17744, 2)
(17749, 2)
(17754, 2)
(17759, 2)
(17764, 2)
(17765, 3)
(17770, 3)
(17775, 3)
(17780, 3)
(17785, 3)
(17790, 3)
(17795, 3)
(17800, 3)
(17801, 1)
(17806, 1)
(17811, 1)
(17816, 1)
(17821, 1)
(17826, 1)
(17831, 1)
(17836, 1)
(17837, 16)
(17842, 16)
(17847, 16)
(17852, 16)
(17857, 16)
(17862, 16)
(17867, 16)
(17872, 16)
(17873, 15)
(17878, 15)
(17883, 15)
(17888, 15)
(17893, 15)
(17898, 15)
(17903, 15)
(17908, 15)
(17909, 2)
(17914, 2)
(17919, 2)
(17924, 2)
(17929, 2)
(17934, 2)
(17939, 2)
(17944, 2)
(17945, 3)
(17950, 3)
(17955, 3)
(17960, 3)
(17965, 3)
(17970, 3)
(17975, 3)
(17980, 3)
(17981, 1)
(17986, 1)
(17991, 1)
(17996, 1)
(18001, 1)
(18006, 1)
(18011, 1)
(18016, 1)
(18017, 16)
(18022, 16)
(18027, 16)
(18032, 16)
(18037, 16)
(18042, 16)
(18047, 16)
(18052, 16)
(18053, 15)
(18058, 15)
(18063, 15)
(18068, 15)
(18073, 15)
(18078, 15)
(18083, 15)
(18088, 15)
(18089, 2)
(18095, 2)
(18100, 2)
(18105, 2)
(18110, 2)
(18115, 2)
(18120, 2)
(18125, 2)
(18126, 3)
(18131, 3)
(18136, 3)
(18141, 3)
(18146, 3)
(18151, 3)
(18157, 3)
(18162, 3)
(18163, 1)
(18168, 1)
(18173, 1)
(18178, 1)
(18183, 1)
(18188, 1)
(18193, 1)
(18198, 1)
(18199, 16)
(18204, 16)
(18209, 16)
(18214, 16)
(18219, 16)
(18224, 16)
(18229, 16)
(18234, 16)
(18235, 15)
(18240, 15)
(18245, 15)
(18250, 15)
(18255, 15)
(18260, 15)
(18265, 15)
(18270, 15)
(18271, 2)
(18276, 2)
(18280, 2)
(18284, 2)
(18291, 2)
(18294, 2)
(18297, 2)
(18299, 3)
(18305, 3)
(18309, 3)
(18313, 3)
(18320, 3)
(18323, 3)
(18326, 3)
(18328, 1)
(18333, 1)
(18337, 1)
(18341, 1)
(18348, 1)
(18351, 1)
(18354, 1)
(18356, 16)
(18361, 16)
(18365, 16)
(18369, 16)
(18376, 16)
(18379, 16)
(18382, 16)
(18384, 15)
(18389, 15)
(18393, 15)
(18397, 15)
(18404, 15)
(18407, 15)
(18410, 15)
(18412, 2)
(18417, 2)
(18422, 2)
(18427, 2)
(18432, 2)
(18437, 2)
(18442, 2)
(18447, 2)
(18452, 2)
(18457, 2)
(18458, 3)
(18463, 3)
(18468, 3)
(18473, 3)
(18478, 3)
(18483, 3)
(18488, 3)
(18493, 3)
(18498, 3)
(18503, 3)
(18504, 1)
(18509, 1)
(18514, 1)
(18519, 1)
(18524, 1)
(18529, 1)
(18534, 1)
(18539, 1)
(18544, 1)
(18549, 1)
(18550, 16)
(18555, 16)
(18560, 16)
(18565, 16)
(18570, 16)
(18575, 16)
(18580, 16)
(18585, 16)
(18590, 16)
(18595, 16)
(18596, 15)
(18601, 15)
(18606, 15)
(18611, 15)
(18616, 15)
(18621, 15)
(18626, 15)
(18631, 15)
(18636, 15)
(18641, 15)
(18642, 2)
(18647, 2)
(18652, 2)
(18657, 2)
(18662, 2)
(18667, 2)
(18672, 2)
(18677, 2)
(18682, 2)
(18687, 2)
(18688, 3)
(18693, 3)
(18698, 3)
(18703, 3)
(18708, 3)
(18713, 3)
(18718, 3)
(18723, 3)
(18728, 3)
(18733, 3)
(18734, 1)
(18739, 1)
(18744, 1)
(18749, 1)
(18754, 1)
(18759, 1)
(18764, 1)
(18769, 1)
(18774, 1)
(18779, 1)
(18780, 16)
(18785, 16)
(18790, 16)
(18795, 16)
(18800, 16)
(18805, 16)
(18810, 16)
(18815, 16)
(18820, 16)
(18825, 16)
(18826, 15)
(18831, 15)
(18836, 15)
(18841, 15)
(18846, 15)
(18851, 15)
(18856, 15)
(18861, 15)
(18866, 15)
(18871, 15)
(18872, 2)
(18877, 2)
(18882, 2)
(18887, 2)
(18892, 2)
(18897, 2)
(18902, 2)
(18907, 2)
(18912, 2)
(18917, 2)
(18918, 3)
(18923, 3)
(18928, 3)
(18933, 3)
(18938, 3)
(18943, 3)
(18948, 3)
(18953, 3)
(18958, 3)
(18963, 3)
(18964, 1)
(18969, 1)
(18974, 1)
(18979, 1)
(18984, 1)
(18989, 1)
(18994, 1)
(18999, 1)
(19004, 1)
(19009, 1)
(19010, 16)
(19015, 16)
(19020, 16)
(19025, 16)
(19030, 16)
(19035, 16)
(19040, 16)
(19045, 16)
(19050, 16)
(19055, 16)
(19056, 15)
(19061, 15)
(19066, 15)
(19071, 15)
(19076, 15)
(19081, 15)
(19086, 15)
(19091, 15)
(19096, 15)
(19101, 15)
(19102, 2)
(19107, 2)
(19112, 2)
(19117, 2)
(19122, 2)
(19127, 2)
(19132, 2)
(19137, 2)
(19142, 2)
(19147, 2)
(19148, 3)
(19153, 3)
(19158, 3)
(19163, 3)
(19168, 3)
(19173, 3)
(19178, 3)
(19183, 3)
(19188, 3)
(19193, 3)
(19194, 1)
(19199, 1)
(19204, 1)
(19209, 1)
(19214, 1)
(19219, 1)
(19224, 1)
(19229, 1)
(19234, 1)
(19239, 1)
(19240, 16)
(19245, 16)
(19250, 16)
(19255, 16)
(19260, 16)
(19265, 16)
(19270, 16)
(19275, 16)
(19280, 16)
(19285, 16)
(19286, 15)
(19291, 15)
(19296, 15)
(19301, 15)
(19306, 15)
(19311, 15)
(19316, 15)
(19321, 15)
(19326, 15)
(19331, 15)
(19332, 2)
(19337, 2)
(19342, 2)
(19346, 2)
(19349, 2)
(19352, 2)
(19354, 3)
(19359, 3)
(19364, 3)
(19368, 3)
(19371, 3)
(19374, 3)
(19376, 1)
(19381, 1)
(19386, 1)
(19390, 1)
(19393, 1)
(19396, 1)
(19398, 16)
(19403, 16)
(19408, 16)
(19412, 16)
(19415, 16)
(19418, 16)
(19420, 15)
(19425, 15)
(19430, 15)
(19434, 15)
(19437, 15)
(19440, 15)
(19442, 2)
(19447, 2)
(19452, 2)
(19457, 2)
(19462, 2)
(19467, 2)
(19472, 2)
(19477, 2)
(19478, 3)
(19483, 3)
(19488, 3)
(19493, 3)
(19498, 3)
(19503, 3)
(19508, 3)
(19513, 3)
(19514, 1)
(19519, 1)
(19524, 1)
(19529, 1)
(19534, 1)
(19539, 1)
(19544, 1)
(19549, 1)
(19550, 16)
(19555, 16)
(19560, 16)
(19565, 16)
(19570, 16)
(19575, 16)
(19580, 16)
(19585, 16)
(19586, 15)
(19591, 15)
(19596, 15)
(19601, 15)
(19606, 15)
(19611, 15)
(19616, 15)
(19621, 15)
(19622, 2)
(19627, 2)
(19632, 2)
(19637, 2)
(19642, 2)
(19647, 2)
(19652, 2)
(19657, 2)
(19658, 3)
(19663, 3)
(19668, 3)
(19673, 3)
(19678, 3)
(19683, 3)
(19688, 3)
(19693, 3)
(19694, 1)
(19699, 1)
(19704, 1)
(19709, 1)
(19714, 1)
(19719, 1)
(19724, 1)
(19729, 1)
(19730, 16)
(19735, 16)
(19740, 16)
(19745, 16)
(19750, 16)
(19755, 16)
(19760, 16)
(19765, 16)
(19766, 15)
(19771, 15)
(19776, 15)
(19781, 15)
(19786, 15)
(19791, 15)
(19796, 15)
(19801, 15)
(19802, 2)
(19807, 2)
(19812, 2)
(19817, 2)
(19822, 2)
(19827, 2)
(19832, 2)
(19837, 2)
(19838, 3)
(19843, 3)
(19848, 3)
(19853, 3)
(19858, 3)
(19863, 3)
(19868, 3)
(19873, 3)
(19874, 1)
(19879, 1)
(19884, 1)
(19889, 1)
(19894, 1)
(19899, 1)
(19904, 1)
(19909, 1)
(19910, 16)
(19915, 16)
(19920, 16)
(19925, 16)
(19930, 16)
(19935, 16)
(19940, 16)
(19945, 16)
(19946, 15)
(19951, 15)
(19956, 15)
(19961, 15)
(19966, 15)
(19971, 15)
(19976, 15)
(19981, 15)
(19982, 2)
(19987, 2)
(19992, 2)
(19997, 2)
(20002, 2)
(20007, 2)
(20012, 2)
(20017, 2)
(20018, 3)
(20023, 3)
(20028, 3)
(20033, 3)
(20038, 3)
(20043, 3)
(20048, 3)
(20053, 3)
(20054, 1)
(20059, 1)
(20064, 1)
(20069, 1)
(20074, 1)
(20079, 1)
(20084, 1)
(20089, 1)
(20090, 16)
(20095, 16)
(20100, 16)
(20105, 16)
(20110, 16)
(20115, 16)
(20120, 16)
(20125, 16)
(20126, 15)
(20131, 15)
(20136, 15)
(20141, 15)
(20146, 15)
(20151, 15)
(20156, 15)
(20161, 15)
(20162, 2)
(20167, 2)
(20172, 2)
(20177, 2)
(20182, 2)
(20183, 3)
(20188, 3)
(20193, 3)
(20198, 3)
(20203, 3)
(20204, 1)
(20209, 1)
(20214, 1)
(20219, 1)
(20224, 1)
(20225, 16)
(20230, 16)
(20235, 16)
(20240, 16)
(20245, 16)
(20246, 15)
(20251, 15)
(20256, 15)
(20261, 15)
(20266, 15)
(20365, 1)
(20423, 13)
(20428, 13)
(20435, 13)
(20439, 13)
(20442, 13)
(20447, 13)
(20454, 13)
(20458, 13)
(20461, 13)
(20466, 13)
(20473, 13)
(20477, 13)
(20480, 13)
(20485, 13)
(20492, 13)
(20496, 13)
(20508, 13)
(20519, 13)
(20520, 13)
(20521, 13)
(20522, 13)
(20523, 13)
(20524, 13)
(20525, 13)
(20526, 13)
(20527, 13)
(20528, 13)
(20529, 13)
(20530, 13)
(20531, 13)
(20532, 13)
(20533, 13)
(20534, 13)
(20535, 13)
(20536, 13)
(20537, 13)
(20538, 13)
(20539, 13)
(20540, 13)
(20541, 13)
(20542, 13)
(20543, 13)
(20544, 13)
(20545, 13)
(20546, 13)
(20547, 13)
(20548, 13)
(20549, 13)
(20550, 13)
(20551, 13)
(20552, 13)
(20553, 13)
(20554, 13)
(20555, 13)
(20556, 13)
(20557, 13)
(20558, 13)
(20559, 13)
(20560, 13)
(20561, 13)
(20562, 13)
(20563, 13)
(20564, 13)
(20565, 13)
(20566, 13)
(20567, 13)
(20568, 13)
(20569, 13)
(20570, 13)
(20571, 13)
(20572, 13)
(20573, 13)
(20574, 13)
(20575, 13)
(20576, 13)
(20577, 13)
(20578, 13)
(20579, 13)
(20580, 13)
(20689, 13)
(20769, 13)
(20824, 17)
(20825, 17)
(21027, 13)
(21039, 13)
(21096, 13)
(21516, 2)
(21517, 2)
(21518, 2)
(21519, 2)
(21520, 16)
(21521, 16)
(21522, 16)
(21523, 16)
(21524, 3)
(21525, 3)
(21526, 3)
(21527, 3)
(21528, 15)
(21529, 15)
(21530, 15)
(21531, 15)
(21532, 1)
(21533, 1)
(21534, 1)
(21535, 1)
(21650, 18)
(21651, 18)
(21652, 18)
(21653, 18)
(21654, 18)
(21655, 18)
(21656, 18)
(21657, 18)
(21658, 18)
(21659, 18)
(21660, 18)
(21661, 18)
(21662, 18)
(21663, 18)
(21664, 18)
(21665, 18)
(21666, 18)
(21667, 18)
(21668, 18)
(21669, 18)
(21670, 18)
(21671, 18)
(21672, 18)
(21673, 18)
(21674, 18)
(21675, 18)
(21676, 18)
(21677, 18)
(21678, 18)
(21679, 18)
(21680, 18)
(21681, 18)
(21682, 18)
(21683, 18)
(21684, 18)
(21685, 18)
(21686, 18)
(21687, 18)
(21688, 18)
(21689, 18)
(21690, 18)
(21691, 18)
(21692, 18)
(21693, 18)
(21694, 18)
(21695, 18)
(21696, 18)
(21697, 18)
(21698, 18)
(21699, 18)
(21706, 13)
(21762, 13)
(21763, 13)
(21764, 13)
(21765, 13)
(21766, 13)
(21832, 13)
(21833, 13)
(21834, 13)
(21835, 13)
(21836, 13)
(21837, 13)
(21838, 13)
(21843, 13)
(21849, 13)
(21875, 13)
(21921, 13)
(21922, 13)
(21923, 13)
(21924, 13)
(21925, 13)
(21926, 13)
(21927, 13)
(21928, 13)
(21929, 13)
(21930, 13)
(21931, 13)
(22008, 2)
(22009, 3)
(22010, 1)
(22011, 16)
(22012, 15)
(22013, 2)
(22014, 3)
(22015, 1)
(22016, 16)
(22017, 15)
(22018, 2)
(22019, 3)
(22020, 1)
(22021, 16)
(22022, 15)
(22023, 2)
(22024, 3)
(22025, 1)
(22026, 16)
(22027, 15)
(22028, 2)
(22029, 3)
(22030, 1)
(22031, 16)
(22032, 15)
(22033, 2)
(22034, 3)
(22035, 1)
(22036, 16)
(22037, 15)
(22038, 2)
(22039, 3)
(22040, 1)
(22041, 16)
(22042, 15)
(22043, 2)
(22044, 3)
(22045, 16)
(22046, 16)
(22047, 15)
(22048, 2)
(22049, 3)
(22050, 1)
(22051, 16)
(22052, 15)
(22053, 2)
(22054, 3)
(22055, 1)
(22056, 16)
(22057, 15)
(22058, 2)
(22059, 3)
(22060, 1)
(22061, 16)
(22062, 15)
(22063, 2)
(22064, 3)
(22065, 1)
(22066, 16)
(22067, 15)
(22068, 2)
(22069, 3)
(22070, 1)
(22071, 16)
(22072, 15)
(22073, 2)
(22074, 3)
(22075, 1)
(22076, 16)
(22077, 15)
(22078, 2)
(22079, 3)
(22080, 1)
(22081, 16)
(22082, 15)
(23087, 15)
(23088, 1)
(23094, 3)
(23120, 13)
(23126, 13)
(23198, 13)
(23199, 2)
(23200, 2)
(23201, 2)
(23202, 2)
(23203, 2)
(23204, 2)
(23205, 2)
(23206, 2)
(23207, 2)
(23208, 2)
(23209, 2)
(23210, 3)
(23211, 3)
(23212, 3)
(23213, 3)
(23214, 3)
(23215, 3)
(23216, 3)
(23217, 3)
(23218, 3)
(23219, 3)
(23220, 3)
(23221, 1)
(23222, 1)
(23223, 1)
(23224, 1)
(23225, 1)
(23226, 1)
(23227, 1)
(23228, 1)
(23229, 1)
(23230, 1)
(23231, 1)
(23232, 16)
(23233, 16)
(23234, 16)
(23235, 16)
(23236, 16)
(23237, 16)
(23238, 16)
(23239, 16)
(23240, 16)
(23241, 16)
(23242, 16)
(23243, 15)
(23244, 15)
(23245, 15)
(23246, 15)
(23247, 15)
(23248, 15)
(23249, 15)
(23250, 15)
(23251, 15)
(23252, 15)
(23253, 15)
(23254, 2)
(23255, 2)
(23256, 2)
(23257, 2)
(23258, 2)
(23259, 2)
(23260, 2)
(23261, 2)
(23262, 2)
(23263, 2)
(23264, 2)
(23265, 3)
(23266, 3)
(23267, 3)
(23268, 3)
(23269, 3)
(23270, 3)
(23271, 3)
(23272, 3)
(23273, 3)
(23274, 3)
(23275, 3)
(23276, 1)
(23277, 1)
(23278, 1)
(23279, 1)
(23280, 1)
(23281, 1)
(23282, 1)
(23283, 1)
(23284, 1)
(23285, 1)
(23286, 1)
(23287, 16)
(23288, 16)
(23289, 16)
(23290, 16)
(23291, 16)
(23292, 16)
(23293, 16)
(23294, 16)
(23295, 16)
(23296, 16)
(23297, 16)
(23298, 15)
(23299, 15)
(23300, 15)
(23301, 15)
(23302, 15)
(23303, 15)
(23304, 15)
(23305, 15)
(23306, 15)
(23307, 15)
(23308, 15)
(23309, 2)
(23310, 2)
(23311, 2)
(23312, 2)
(23313, 2)
(23314, 2)
(23315, 2)
(23316, 2)
(23317, 2)
(23318, 2)
(23319, 2)
(23320, 3)
(23321, 3)
(23322, 3)
(23323, 3)
(23324, 3)
(23325, 3)
(23326, 3)
(23327, 3)
(23328, 3)
(23329, 3)
(23330, 3)
(23331, 1)
(23332, 1)
(23333, 1)
(23334, 1)
(23335, 1)
(23336, 1)
(23337, 1)
(23338, 1)
(23339, 1)
(23340, 1)
(23341, 1)
(23342, 16)
(23343, 16)
(23344, 16)
(23345, 16)
(23346, 16)
(23347, 16)
(23348, 16)
(23349, 16)
(23350, 16)
(23351, 16)
(23352, 16)
(23353, 15)
(23354, 15)
(23355, 15)
(23356, 15)
(23357, 15)
(23358, 15)
(23359, 15)
(23360, 15)
(23361, 15)
(23362, 15)
(23363, 15)
(23364, 2)
(23365, 2)
(23366, 2)
(23367, 2)
(23368, 2)
(23369, 2)
(23370, 2)
(23371, 2)
(23372, 3)
(23373, 3)
(23374, 3)
(23375, 3)
(23376, 3)
(23377, 3)
(23378, 3)
(23379, 3)
(23380, 1)
(23381, 1)
(23382, 1)
(23383, 1)
(23384, 1)
(23385, 1)
(23386, 1)
(23387, 1)
(23388, 16)
(23389, 16)
(23390, 16)
(23391, 16)
(23392, 16)
(23393, 16)
(23394, 16)
(23395, 16)
(23396, 15)
(23397, 15)
(23398, 15)
(23399, 15)
(23400, 15)
(23401, 15)
(23402, 15)
(23403, 15)
(23404, 2)
(23405, 2)
(23406, 2)
(23407, 2)
(23408, 2)
(23409, 2)
(23410, 2)
(23411, 2)
(23412, 3)
(23413, 3)
(23414, 3)
(23415, 3)
(23416, 3)
(23417, 3)
(23418, 3)
(23419, 3)
(23420, 1)
(23421, 1)
(23422, 1)
(23423, 1)
(23424, 1)
(23425, 1)
(23426, 1)
(23427, 1)
(23428, 16)
(23429, 16)
(23430, 16)
(23431, 16)
(23432, 16)
(23433, 16)
(23434, 16)
(23435, 16)
(23436, 15)
(23437, 15)
(23438, 15)
(23439, 15)
(23440, 15)
(23441, 15)
(23442, 15)
(23443, 15)
(23444, 2)
(23445, 2)
(23446, 2)
(23447, 2)
(23448, 2)
(23449, 2)
(23450, 2)
(23451, 2)
(23452, 3)
(23453, 3)
(23454, 3)
(23455, 3)
(23456, 3)
(23457, 3)
(23458, 3)
(23459, 3)
(23460, 1)
(23461, 1)
(23462, 1)
(23463, 1)
(23464, 1)
(23465, 1)
(23466, 1)
(23467, 1)
(23468, 16)
(23469, 16)
(23470, 16)
(23471, 16)
(23472, 16)
(23473, 16)
(23474, 16)
(23475, 16)
(23476, 15)
(23477, 15)
(23478, 15)
(23479, 15)
(23480, 15)
(23481, 15)
(23482, 15)
(23483, 15)
(23484, 2)
(23485, 2)
(23486, 2)
(23487, 2)
(23488, 2)
(23489, 2)
(23490, 2)
(23491, 2)
(23492, 3)
(23493, 3)
(23494, 3)
(23495, 3)
(23496, 3)
(23497, 3)
(23498, 3)
(23499, 3)
(23500, 1)
(23501, 1)
(23502, 1)
(23503, 1)
(23504, 1)
(23505, 1)
(23506, 1)
(23507, 1)
(23508, 16)
(23509, 16)
(23510, 16)
(23511, 16)
(23512, 16)
(23513, 16)
(23514, 16)
(23515, 16)
(23516, 15)
(23517, 15)
(23518, 15)
(23519, 15)
(23520, 15)
(23521, 15)
(23522, 15)
(23523, 15)
(23524, 2)
(23525, 2)
(23526, 2)
(23527, 2)
(23528, 2)
(23529, 2)
(23530, 2)
(23531, 2)
(23532, 3)
(23533, 3)
(23534, 3)
(23535, 3)
(23536, 3)
(23537, 3)
(23538, 3)
(23539, 3)
(23540, 1)
(23541, 1)
(23542, 1)
(23543, 1)
(23544, 1)
(23545, 1)
(23546, 1)
(23547, 1)
(23548, 16)
(23549, 16)
(23550, 16)
(23551, 16)
(23552, 16)
(23553, 16)
(23554, 16)
(23555, 16)
(23556, 15)
(23557, 15)
(23558, 15)
(23559, 15)
(23560, 15)
(23561, 15)
(23562, 15)
(23563, 15)
(23568, 2)
(23569, 2)
(23570, 2)
(23571, 2)
(23572, 2)
(23573, 2)
(23574, 2)
(23575, 2)
(23576, 2)
(23577, 2)
(23578, 2)
(23579, 3)
(23580, 3)
(23581, 3)
(23582, 3)
(23583, 3)
(23584, 3)
(23585, 3)
(23586, 3)
(23587, 3)
(23588, 3)
(23589, 3)
(23590, 1)
(23591, 1)
(23592, 1)
(23593, 1)
(23594, 1)
(23595, 1)
(23596, 1)
(23597, 1)
(23598, 1)
(23599, 1)
(23600, 1)
(23601, 16)
(23602, 16)
(23603, 16)
(23604, 16)
(23605, 16)
(23606, 16)
(23607, 16)
(23608, 16)
(23609, 16)
(23610, 16)
(23611, 16)
(23612, 15)
(23613, 15)
(23614, 15)
(23615, 15)
(23616, 15)
(23617, 15)
(23618, 15)
(23619, 15)
(23620, 15)
(23621, 15)
(23622, 15)
(23623, 2)
(23624, 2)
(23625, 2)
(23626, 2)
(23627, 2)
(23628, 2)
(23629, 2)
(23630, 2)
(23631, 2)
(23632, 2)
(23633, 3)
(23634, 3)
(23635, 3)
(23636, 3)
(23637, 3)
(23638, 3)
(23639, 3)
(23640, 3)
(23641, 3)
(23642, 3)
(23643, 1)
(23644, 1)
(23645, 1)
(23646, 1)
(23647, 1)
(23648, 1)
(23649, 1)
(23650, 1)
(23651, 1)
(23652, 1)
(23653, 16)
(23654, 16)
(23655, 16)
(23656, 16)
(23657, 16)
(23658, 16)
(23659, 16)
(23660, 16)
(23661, 16)
(23662, 16)
(23663, 15)
(23664, 15)
(23665, 15)
(23666, 15)
(23667, 15)
(23668, 15)
(23669, 15)
(23670, 15)
(23671, 15)
(23672, 15)
(23673, 2)
(23674, 2)
(23675, 2)
(23676, 2)
(23677, 2)
(23678, 2)
(23679, 2)
(23680, 2)
(23681, 2)
(23682, 2)
(23683, 3)
(23684, 3)
(23685, 3)
(23686, 3)
(23687, 3)
(23688, 3)
(23689, 3)
(23690, 3)
(23691, 3)
(23692, 3)
(23693, 1)
(23694, 1)
(23695, 1)
(23696, 1)
(23697, 1)
(23698, 1)
(23699, 1)
(23700, 1)
(23701, 1)
(23702, 1)
(23703, 16)
(23704, 16)
(23705, 16)
(23706, 16)
(23707, 16)
(23708, 16)
(23709, 16)
(23710, 16)
(23711, 16)
(23712, 16)
(23713, 15)
(23714, 15)
(23715, 15)
(23716, 15)
(23717, 15)
(23718, 15)
(23719, 15)
(23720, 15)
(23721, 15)
(23722, 15)
(23723, 2)
(23724, 2)
(23725, 2)
(23726, 2)
(23727, 2)
(23728, 2)
(23729, 2)
(23730, 2)
(23731, 3)
(23732, 3)
(23733, 3)
(23734, 3)
(23735, 3)
(23736, 3)
(23737, 3)
(23738, 3)
(23739, 1)
(23740, 1)
(23741, 1)
(23742, 1)
(23743, 1)
(23744, 1)
(23745, 1)
(23746, 1)
(23747, 16)
(23748, 16)
(23749, 16)
(23750, 16)
(23751, 16)
(23752, 16)
(23753, 16)
(23754, 16)
(23755, 15)
(23756, 15)
(23757, 15)
(23758, 15)
(23759, 15)
(23760, 15)
(23761, 15)
(23762, 15)
(23763, 2)
(23764, 2)
(23765, 2)
(23766, 2)
(23767, 2)
(23768, 2)
(23769, 2)
(23770, 2)
(23771, 3)
(23772, 3)
(23773, 3)
(23774, 3)
(23775, 3)
(23776, 3)
(23777, 3)
(23778, 3)
(23779, 1)
(23780, 1)
(23781, 1)
(23782, 1)
(23783, 1)
(23784, 1)
(23785, 1)
(23786, 1)
(23787, 16)
(23788, 16)
(23789, 16)
(23790, 16)
(23791, 16)
(23792, 16)
(23793, 16)
(23794, 16)
(23795, 15)
(23796, 15)
(23797, 15)
(23798, 15)
(23799, 15)
(23800, 15)
(23801, 15)
(23802, 15)
(23803, 2)
(23804, 2)
(23805, 2)
(23806, 2)
(23807, 2)
(23808, 2)
(23809, 2)
(23810, 2)
(23811, 3)
(23812, 3)
(23813, 3)
(23814, 3)
(23815, 3)
(23816, 3)
(23817, 3)
(23818, 3)
(23819, 1)
(23820, 1)
(23821, 1)
(23822, 1)
(23823, 1)
(23824, 1)
(23825, 1)
(23826, 1)
(23827, 16)
(23828, 16)
(23829, 16)
(23830, 16)
(23831, 16)
(23832, 16)
(23833, 16)
(23834, 16)
(23835, 15)
(23836, 15)
(23837, 15)
(23838, 15)
(23839, 15)
(23840, 15)
(23841, 15)
(23842, 15)
(23843, 2)
(23844, 2)
(23845, 2)
(23846, 2)
(23847, 2)
(23848, 2)
(23849, 2)
(23850, 2)
(23851, 3)
(23852, 3)
(23853, 3)
(23854, 3)
(23855, 3)
(23856, 3)
(23857, 3)
(23858, 3)
(23859, 1)
(23860, 1)
(23861, 1)
(23862, 1)
(23863, 1)
(23864, 1)
(23865, 1)
(23866, 1)
(23867, 16)
(23868, 16)
(23869, 16)
(23870, 16)
(23871, 16)
(23872, 16)
(23873, 16)
(23874, 16)
(23875, 15)
(23876, 15)
(23877, 15)
(23878, 15)
(23879, 15)
(23880, 15)
(23881, 15)
(23882, 15)
(24000, 17)
(24001, 17)
(24002, 17)
(24003, 17)
(24004, 17)
(24005, 17)
(24006, 17)
(24007, 17)
(24008, 17)
(24009, 17)
(24010, 17)
(24011, 17)
(24012, 17)
(24013, 17)
(24014, 17)
(24015, 17)
(24016, 17)
(24017, 17)
(24018, 17)
(24019, 17)
(24020, 17)
(24021, 17)
(24022, 17)
(24023, 17)
(24024, 17)
(24025, 17)
(24026, 17)
(24027, 17)
(24028, 17)
(24029, 17)
(24030, 17)
(24031, 17)
(24032, 17)
(24033, 17)
(24034, 17)
(24035, 17)
(24063, 18)
(24097, 18)
(24098, 18)
(24099, 18)
(24100, 18)
(24101, 18)
(24102, 18)
(24103, 18)
(24104, 18)
(24105, 18)
(24106, 18)
(24107, 18)
(24108, 18)
(24109, 18)
(24110, 18)
(24111, 18)
(24112, 18)
(24113, 18)
(24114, 18)
(24115, 18)
(24116, 18)
(24117, 18)
(24118, 18)
(24119, 18)
(24120, 18)
(24121, 18)
(24122, 18)
(24123, 18)
(24124, 18)
(24125, 18)
(24126, 18)
(24127, 18)
(24128, 18)
(24129, 18)
(24130, 18)
(24131, 18)
(24132, 18)
(24133, 18)
(24134, 18)
(24135, 18)
(24136, 18)
(24137, 18)
(24138, 18)
(24139, 18)
(24140, 18)
(24141, 18)
(24142, 18)
(24143, 18)
(24144, 18)
(24145, 18)
(24146, 18)
(24147, 18)
(24148, 18)
(24149, 18)
(24150, 18)
(24151, 18)
(24152, 18)
(24153, 18)
(24154, 18)
(24155, 18)
(24156, 18)
(24157, 18)
(24158, 18)
(24159, 18)
(24160, 18)
(24161, 18)
(24162, 18)
(24163, 18)
(24164, 18)
(24165, 18)
(24166, 18)
(24167, 18)
(24168, 18)
(24169, 18)
(24170, 18)
(24171, 18)
(24172, 18)
(24173, 18)
(24174, 18)
(24175, 18)
(24176, 18)
(24177, 18)
(24178, 18)
(24179, 18)
(24180, 18)
(24181, 18)
(24182, 18)
(24183, 18)
(24184, 18)
(24185, 18)
(24186, 18)
(24187, 18)
(24188, 18)
(24189, 18)
(24190, 18)
(24191, 18)
(24192, 18)
(24193, 18)
(24194, 18)
(24195, 18)
(24196, 18)
(24197, 18)
(24198, 18)
(24199, 18)
(24200, 18)
(24201, 18)
(24202, 18)
(24203, 18)
(24204, 18)
(24205, 18)
(24206, 18)
(24207, 18)
(24208, 18)
(24209, 18)
(24210, 18)
(24211, 18)
(24212, 18)
(24213, 18)
(24214, 18)
(24215, 18)
(24216, 18)
(24217, 18)
(24218, 18)
(24219, 18)
(24220, 18)
(24221, 18)
(24222, 18)
(24223, 18)
(24224, 18)
(24225, 18)
(24226, 18)
(24227, 18)
(24228, 18)
(24229, 18)
(24230, 18)
(24231, 18)
(24232, 18)
(24233, 18)
(24234, 18)
(24235, 18)
(24236, 18)
(24237, 18)
(24238, 18)
(24239, 18)
(24240, 18)
(24241, 18)
(24242, 18)
(24243, 18)
(24244, 18)
(24245, 18)
(24246, 18)
(24247, 18)
(24248, 18)
(24249, 18)
(24250, 18)
(24251, 18)
(24252, 18)
(24253, 18)
(24254, 18)
(24255, 18)
(24256, 18)
(24257, 18)
(24258, 18)
(24259, 18)
(24260, 18)
(24261, 18)
(24262, 18)
(24263, 18)
(24264, 18)
(24265, 18)
(24266, 18)
(24267, 18)
(24268, 18)
(24269, 18)
(24270, 18)
(24271, 18)
(24272, 18)
(24273, 18)
(24274, 18)
(24275, 18)
(24276, 18)
(24277, 18)
(24278, 18)
(24279, 18)
(24280, 18)
(24281, 18)
(24282, 18)
(24283, 18)
(24284, 18)
(24285, 18)
(24286, 18)
(24287, 18)
(24288, 18)
(24289, 18)
(24290, 18)
(24291, 18)
(24292, 18)
(24293, 18)
(24294, 18)
(24295, 18)
(24296, 18)
(24297, 18)
(24298, 18)
(24299, 18)
(24300, 18)
(24301, 18)
(24302, 18)
(24303, 18)
(24304, 18)
(24305, 18)
(24306, 18)
(24307, 18)
(24308, 18)
(24309, 18)
(24310, 18)
(24311, 18)
(24312, 18)
(24313, 18)
(24314, 18)
(24315, 18)
(24316, 18)
(24317, 18)
(24318, 18)
(24319, 18)
(24320, 18)
(24321, 18)
(24322, 18)
(24323, 18)
(24324, 18)
(24325, 18)
(24326, 18)
(24327, 18)
(24328, 18)
(24329, 18)
(24330, 18)
(24331, 18)
(24332, 18)
(24333, 18)
(24334, 18)
(24335, 18)
(24336, 18)
(24337, 18)
(24338, 18)
(24339, 18)
(24340, 18)
(24341, 18)
(24342, 18)
(24343, 18)
(24344, 18)
(24345, 18)
(24346, 18)
(24347, 18)
(24348, 18)
(24349, 18)
(24350, 18)
(24351, 18)
(24352, 18)
(24353, 18)
(24354, 18)
(24355, 18)
(24356, 18)
(24357, 18)
(24358, 18)
(24359, 18)
(24360, 18)
(24361, 18)
(24362, 18)
(24363, 18)
(24364, 18)
(24365, 18)
(24366, 18)
(24367, 18)
(24368, 18)
(24369, 18)
(24370, 18)
(24371, 18)
(24372, 18)
(24373, 18)
(24374, 18)
(24375, 18)
(24376, 18)
(24377, 18)
(24378, 18)
(24379, 18)
(24380, 18)
(24381, 18)
(24382, 18)
(24383, 18)
(24384, 18)
(24385, 18)
(24386, 18)
(24387, 18)
(24388, 18)
(24389, 18)
(24390, 18)
(24391, 18)
(24392, 18)
(24393, 18)
(24394, 18)
(24395, 18)
(24396, 18)
(24397, 18)
(24398, 18)
(24399, 18)
(24400, 18)
(24401, 18)
(24402, 18)
(24403, 18)
(24404, 18)
(24405, 18)
(24406, 18)
(24407, 18)
(24408, 18)
(24409, 18)
(24410, 18)
(24411, 18)
(24412, 18)
(24413, 18)
(24414, 18)
(24415, 18)
(24416, 18)
(24417, 18)
(24418, 18)
(24419, 18)
(24420, 18)
(24421, 18)
(24422, 18)
(24423, 18)
(24424, 18)
(24425, 18)
(24426, 18)
(24427, 18)
(24428, 18)
(24429, 18)
(24430, 18)
(24431, 18)
(24432, 18)
(24433, 18)
(24434, 18)
(24435, 18)
(24436, 18)
(24437, 18)
(24438, 18)
(24439, 18)
(24440, 18)
(24441, 18)
(24442, 18)
(24443, 18)
(24444, 18)
(24445, 18)
(24446, 18)
(24447, 18)
(24448, 18)
(24449, 18)
(24450, 18)
(24451, 18)
(24452, 18)
(24453, 18)
(24454, 18)
(24455, 18)
(24456, 18)
(24457, 18)
(24458, 18)
(24459, 18)
(24460, 18)
(24461, 18)
(24462, 18)
(24463, 18)
(24464, 18)
(24465, 18)
(24466, 18)
(24467, 18)
(24468, 18)
(24469, 18)
(24470, 18)
(24471, 18)
(24472, 18)
(24473, 18)
(24474, 18)
(24475, 18)
(24476, 18)
(24477, 18)
(24478, 18)
(24479, 18)
(24480, 18)
(24481, 18)
(24482, 18)
(24483, 18)
(24484, 18)
(24485, 18)
(24486, 18)
(24487, 18)
(24488, 18)
(24489, 18)
(24490, 18)
(24491, 18)
(24492, 18)
(24493, 18)
(24494, 18)
(24495, 18)
(24496, 18)
(24497, 18)
(24498, 18)
(24499, 18)
(24500, 18)
(24501, 18)
(24502, 18)
(24503, 18)
(24504, 18)
(24505, 18)
(24506, 18)
(24507, 18)
(24508, 18)
(24509, 18)
(24510, 18)
(24511, 18)
(24512, 18)
(24513, 18)
(24514, 18)
(24515, 18)
(24516, 18)
(24517, 18)
(24518, 18)
(24519, 18)
(24520, 18)
(24521, 18)
(24522, 18)
(24523, 18)
(24524, 18)
(24525, 18)
(24526, 18)
(24527, 18)
(24528, 18)
(24529, 18)
(24530, 18)
(24531, 18)
(24532, 18)
(24533, 18)
(24534, 18)
(24535, 18)
(24536, 18)
(24537, 18)
(24538, 18)
(24539, 18)
(24540, 18)
(24541, 18)
(24542, 18)
(24543, 18)
(24544, 18)
(24545, 18)
(24546, 18)
(24742, 17)
(24743, 17)
(24744, 17)
(24828, 13)
(25082, 13)
(25083, 13)
(25084, 13)
(25085, 13)
(25086, 13)
(25087, 13)
(25088, 13)
(25089, 13)
(25090, 13)
(25091, 13)
(25092, 13)
(25093, 13)
(25094, 13)
(25095, 13)
(25096, 13)
(25097, 13)
(25098, 13)
(25099, 13)
(25100, 13)
(25101, 13)
(25102, 13)
(25103, 13)
(25104, 13)
(25105, 13)
(25106, 13)
(25107, 13)
(25108, 13)
(25109, 2)
(25110, 3)
(25111, 1)
(25112, 16)
(25113, 15)
(25114, 2)
(25115, 3)
(25116, 1)
(25117, 16)
(25118, 15)
(25119, 2)
(25120, 3)
(25121, 1)
(25122, 16)
(25123, 15)
(25124, 2)
(25125, 3)
(25126, 1)
(25127, 16)
(25128, 15)
(25129, 2)
(25130, 3)
(25131, 1)
(25132, 16)
(25133, 15)
(25134, 2)
(25135, 3)
(25136, 1)
(25137, 16)
(25138, 15)
(25139, 2)
(25140, 3)
(25141, 1)
(25142, 16)
(25143, 15)
(25144, 2)
(25145, 3)
(25146, 1)
(25147, 16)
(25148, 15)
(25149, 2)
(25150, 3)
(25151, 1)
(25152, 16)
(25153, 15)
(25154, 2)
(25155, 3)
(25156, 1)
(25157, 16)
(25158, 15)
(25159, 2)
(25160, 3)
(25161, 1)
(25162, 16)
(25163, 15)
(25164, 2)
(25165, 3)
(25166, 1)
(25167, 16)
(25168, 15)
(25169, 2)
(25170, 3)
(25171, 1)
(25172, 16)
(25173, 15)
(25174, 2)
(25175, 3)
(25176, 1)
(25177, 16)
(25178, 15)
(25179, 2)
(25180, 3)
(25181, 1)
(25182, 16)
(25183, 15)
(25184, 2)
(25185, 3)
(25186, 1)
(25187, 16)
(25188, 15)
(25189, 2)
(25190, 3)
(25191, 1)
(25192, 16)
(25193, 15)
(25194, 2)
(25195, 3)
(25196, 1)
(25197, 16)
(25198, 15)
(25199, 2)
(25200, 3)
(25201, 1)
(25202, 16)
(25203, 15)
(25204, 2)
(25205, 3)
(25206, 1)
(25207, 16)
(25208, 15)
(25209, 2)
(25210, 3)
(25211, 1)
(25212, 16)
(25213, 15)
(25214, 2)
(25215, 3)
(25216, 1)
(25217, 16)
(25218, 15)
(25219, 2)
(25220, 3)
(25221, 1)
(25222, 16)
(25223, 15)
(25224, 2)
(25225, 3)
(25226, 1)
(25227, 16)
(25228, 15)
(25255, 14)
(25256, 14)
(25257, 14)
(25330, 19)
(25334, 19)
(25335, 19)
(25336, 19)
(25337, 19)
(25338, 19)
(25339, 19)
(25340, 19)
(25341, 19)
(25342, 19)
(25343, 19)
(25344, 19)
(25345, 20)
(25346, 20)
(25347, 20)
(25348, 20)
(25349, 20)
(25350, 20)
(25351, 20)
(25352, 20)
(25353, 20)
(25354, 21)
(25355, 21)
(25356, 21)
(25358, 2)
(25359, 3)
(25360, 1)
(25361, 16)
(25362, 15)
(25363, 17)
(25544, 13)
(25545, 13)
(25546, 13)
(25653, 2)
(25654, 3)
(25655, 1)
(25656, 16)
(25657, 15)
(25827, 13)
(25828, 13)
(25829, 13)
(25830, 13)
(25831, 13)
(25832, 13)
(25833, 13)
(25834, 13)
(25835, 13)
(25836, 13)
(25837, 13)
(25838, 13)
(25839, 13)
(25840, 13)
(25841, 13)
(25842, 13)
(25843, 13)
(25844, 13)
(25845, 13)
(25846, 13)
(25847, 13)
(25848, 13)
(25849, 13)
(25850, 13)
(25851, 13)
(25852, 13)
(25853, 13)
(25855, 13)
(25856, 13)
(25857, 13)
(25858, 13)
(25859, 13)
(25860, 13)
(25861, 13)
(25862, 13)
(25863, 13)
(25864, 13)
(25865, 13)
(25866, 13)
(25867, 13)
(25868, 13)
(25869, 13)
(25870, 13)
(25871, 13)
(25872, 13)
(25873, 13)
(25874, 13)
(25875, 13)
(25876, 13)
(26672, 2)
(26673, 3)
(26674, 16)
(26675, 15)
(26677, 1)
(26681, 14)
(26687, 13)
(26709, 13)
(26801, 1)
(26802, 1)
(26804, 1)
(26805, 1)
(26806, 1)
(26807, 1)
(26808, 1)
(26809, 1)
(26810, 1)
(26811, 1)
(26812, 1)
(26813, 1)
(26824, 13)
(26896, 13)
(26897, 13)
(26898, 13)
(26899, 13)
(26900, 13)
(26901, 13)
(26902, 13)
(26903, 13)
(26904, 13)
(26905, 13)
(26906, 13)
(26907, 13)
(26908, 13)
(26909, 13)
(26910, 13)
(26911, 13)
(26912, 13)
(26913, 13)
(26914, 13)
(26915, 13)
(26916, 13)
(26917, 13)
(26918, 13)
(26919, 13)
(26920, 13)
(26921, 13)
(26922, 13)
(26923, 13)
(26924, 13)
(26925, 13)
(26926, 13)
(26927, 13)
(26928, 13)
(26929, 13)
(26930, 13)
(26931, 13)
(26932, 13)
(26933, 13)
(26934, 13)
(26935, 13)
(26936, 13)
(26937, 13)
(26938, 13)
(26939, 13)
(26940, 13)
(26941, 13)
(26942, 13)
(26943, 13)
(26944, 13)
(26945, 13)
(26946, 13)
(26947, 13)
(26948, 13)
(26949, 13)
(26950, 13)
(26951, 13)
(26952, 13)
(26953, 13)
(26954, 13)
(26955, 13)
(26956, 13)
(26957, 13)
(26958, 13)
(26959, 13)
(26960, 13)
(26961, 13)
(26962, 13)
(26963, 13)
(26964, 13)
(26965, 13)
(26966, 13)
(26967, 13)
(26968, 13)
(26969, 13)
(26970, 13)
(26971, 13)
(26972, 13)
(26973, 13)
(26974, 13)
(26975, 13)
(26976, 13)
(26977, 13)
(26978, 13)
(26979, 13)
(26980, 13)
(26981, 13)
(26982, 13)
(26983, 13)
(26984, 13)
(26985, 13)
(26986, 13)
(26987, 13)
(26988, 13)
(26989, 13)
(26990, 13)
(26991, 13)
(26992, 13)
(26993, 13)
(26994, 13)
(26995, 13)
(26996, 13)
(26997, 13)
(26998, 13)
(26999, 13)
(27000, 13)
(27001, 13)
(27002, 13)
(27003, 13)
(27004, 13)
(27005, 13)
(27006, 13)
(27007, 13)
(27008, 13)
(27009, 13)
(27010, 13)
(27011, 13)
(27012, 13)
(27013, 13)
(27014, 13)
(27015, 13)
(27016, 13)
(27017, 13)
(27018, 13)
(27019, 13)
(27020, 13)
(27021, 13)
(27022, 13)
(27023, 13)
(27024, 13)
(27025, 13)
(27026, 13)
(27027, 13)
(27028, 13)
(27029, 13)
(27030, 13)
(27031, 13)
(27032, 13)
(27033, 13)
(27034, 13)
(27035, 13)
(27036, 13)
(27037, 13)
(27038, 13)
(27039, 13)
(27040, 13)
(27041, 13)
(27042, 13)
(27043, 13)
(27044, 13)
(27045, 13)
(27046, 13)
(27047, 13)
(27048, 13)
(27049, 13)
(27050, 13)
(27051, 13)
(27052, 13)
(27053, 13)
(27054, 13)
(27055, 13)
(27056, 13)
(27057, 13)
(27058, 13)
(27059, 13)
(27060, 13)
(27061, 13)
(27062, 13)
(27063, 13)
(27064, 13)
(27065, 13)
(27066, 13)
(27067, 13)
(27068, 13)
(27069, 13)
(27070, 13)
(27071, 13)
(27072, 13)
(27073, 13)
(27074, 13)
(27075, 13)
(27076, 13)
(27077, 13)
(27078, 13)
(27079, 13)
(27080, 13)
(27081, 13)
(27082, 13)
(27083, 13)
(27084, 13)
(27085, 13)
(27086, 13)
(27087, 13)
(27088, 13)
(27089, 13)
(27090, 13)
(27091, 13)
(27092, 13)
(27093, 13)
(27094, 13)
(27095, 13)
(27096, 13)
(27097, 13)
(27098, 13)
(27099, 13)
(27100, 13)
(27101, 13)
(27102, 13)
(27103, 13)
(27104, 13)
(27105, 13)
(27106, 13)
(27107, 13)
(27108, 13)
(27109, 13)
(27110, 13)
(27111, 13)
(27112, 13)
(27113, 13)
(27114, 13)
(27115, 13)
(27116, 13)
(27117, 13)
(27118, 13)
(27119, 13)
(27120, 13)
(27121, 13)
(27122, 13)
(27123, 13)
(27124, 13)
(27125, 13)
(27126, 13)
(27127, 13)
(27128, 13)
(27129, 13)
(27130, 13)
(27131, 13)
(27132, 13)
(27133, 13)
(27134, 13)
(27135, 13)
(27136, 13)
(27137, 13)
(27138, 13)
(27139, 13)
(27140, 13)
(27141, 13)
(27142, 13)
(27143, 13)
(27144, 13)
(27145, 13)
(27146, 13)
(27147, 13)
(27148, 13)
(27149, 13)
(27150, 13)
(27151, 13)
(27152, 13)
(27153, 13)
(27154, 13)
(27155, 13)
(27156, 13)
(27157, 13)
(27158, 13)
(27159, 13)
(27160, 13)
(27161, 13)
(27162, 13)
(27163, 13)
(27164, 13)
(27165, 13)
(27166, 13)
(27167, 13)
(27168, 13)
(27169, 13)
(27170, 13)
(27171, 13)
(27172, 13)
(27173, 13)
(27174, 13)
(27175, 13)
(27176, 13)
(27177, 13)
(27178, 13)
(27179, 13)
(27180, 13)
(27181, 13)
(27182, 13)
(27183, 13)
(27184, 13)
(27185, 13)
(27186, 13)
(27187, 13)
(27188, 13)
(27189, 13)
(27190, 13)
(27191, 13)
(27192, 13)
(27193, 13)
(27194, 13)
(27195, 13)
(27196, 13)
(27197, 13)
(27198, 13)
(27199, 13)
(27200, 13)
(27201, 13)
(27202, 13)
(27203, 13)
(27204, 13)
(27205, 13)
(27206, 13)
(27207, 13)
(27208, 13)
(27209, 13)
(27210, 13)
(27211, 13)
(27212, 13)
(27213, 13)
(27214, 13)
(27215, 13)
(27216, 13)
(27217, 13)
(27218, 13)
(27219, 13)
(27220, 13)
(27221, 13)
(27222, 13)
(27223, 13)
(27224, 13)
(27225, 13)
(27226, 13)
(27227, 13)
(27228, 13)
(27229, 13)
(27230, 13)
(27231, 13)
(27232, 13)
(27233, 13)
(27234, 13)
(27235, 13)
(27236, 13)
(27237, 13)
(27238, 13)
(27239, 13)
(27240, 13)
(27241, 13)
(27242, 13)
(27243, 13)
(27244, 13)
(27245, 13)
(27246, 13)
(27247, 13)
(27248, 13)
(27249, 13)
(27250, 13)
(27251, 13)
(27252, 13)
(27253, 13)
(27254, 13)
(27255, 13)
(27256, 13)
(27257, 13)
(27258, 13)
(27259, 13)
(27260, 13)
(27261, 13)
(27262, 13)
(27263, 13)
(27264, 13)
(27265, 13)
(27266, 13)
(27267, 13)
(27268, 13)
(27269, 13)
(27270, 13)
(27271, 13)
(27272, 13)
(27273, 13)
(27274, 13)
(27275, 13)
(27276, 13)
(27277, 13)
(27278, 13)
(27279, 13)
(27280, 13)
(27281, 13)
(27282, 13)
(27283, 13)
(27284, 13)
(27285, 13)
(27286, 13)
(27287, 13)
(27288, 13)
(27289, 13)
(27290, 13)
(27291, 13)
(27292, 13)
(27293, 13)
(27294, 13)
(27295, 13)
(27296, 13)
(27297, 13)
(27298, 13)
(27299, 13)
(27300, 13)
(27301, 13)
(27302, 13)
(27303, 13)
(27304, 13)
(27305, 13)
(27306, 13)
(27307, 13)
(27308, 13)
(27309, 13)
(27310, 13)
(27311, 13)
(27312, 13)
(27313, 13)
(27314, 13)
(27315, 13)
(27316, 13)
(27317, 13)
(27318, 13)
(27319, 13)
(27320, 13)
(27321, 13)
(27322, 13)
(27323, 13)
(27324, 13)
(27325, 13)
(27326, 13)
(27327, 13)
(27328, 13)
(27329, 13)
(27330, 13)
(27331, 13)
(27332, 13)
(27333, 13)
(27334, 13)
(27335, 13)
(27336, 13)
(27337, 13)
(27338, 13)
(27339, 13)
(27340, 13)
(27341, 13)
(27342, 13)
(27343, 13)
(27344, 13)
(27345, 13)
(27346, 13)
(27347, 13)
(27348, 13)
(27349, 13)
(27350, 13)
(27351, 13)
(27352, 13)
(27353, 13)
(27354, 13)
(27355, 13)
(27356, 13)
(27357, 13)
(27358, 13)
(27359, 13)
(27360, 13)
(27361, 13)
(27362, 13)
(27363, 13)
(27364, 13)
(27365, 13)
(27366, 13)
(27367, 13)
(27368, 13)
(27369, 13)
(27370, 13)
(27371, 13)
(27372, 13)
(27373, 13)
(27374, 13)
(27375, 13)
(27376, 13)
(27377, 13)
(27378, 13)
(27379, 13)
(27380, 13)
(27381, 13)
(27382, 13)
(27383, 13)
(27384, 13)
(27385, 13)
(27386, 13)
(27387, 13)
(27388, 13)
(27389, 13)
(27390, 13)
(27391, 13)
(27392, 13)
(27393, 13)
(27394, 13)
(27395, 13)
(27396, 13)
(27397, 13)
(27398, 13)
(27399, 13)
(27400, 13)
(27401, 13)
(27402, 13)
(27403, 13)
(27404, 13)
(27405, 13)
(27406, 13)
(27407, 13)
(27408, 13)
(27409, 13)
(27410, 13)
(27411, 13)
(27412, 13)
(27413, 13)
(27414, 13)
(27415, 13)
(27416, 13)
(27417, 13)
(27418, 13)
(27419, 13)
(27420, 13)
(27421, 13)
(27422, 13)
(27423, 13)
(27424, 13)
(27425, 13)
(27426, 13)
(27427, 13)
(27428, 13)
(27429, 13)
(27430, 13)
(27431, 13)
(27432, 13)
(27433, 13)
(27434, 13)
(27435, 13)
(27436, 13)
(27437, 13)
(27438, 13)
(27439, 13)
(27440, 13)
(27441, 13)
(27442, 13)
(27443, 13)
(27444, 13)
(27445, 13)
(27446, 13)
(27447, 13)
(27448, 13)
(27449, 13)
(27450, 13)
(27451, 13)
(27452, 13)
(27453, 13)
(27454, 13)
(27455, 13)
(27456, 13)
(27457, 13)
(27458, 13)
(27459, 13)
(27460, 13)
(27461, 13)
(27462, 13)
(27463, 13)
(27464, 13)
(27465, 13)
(27466, 13)
(27467, 13)
(27468, 13)
(27469, 13)
(27470, 13)
(27471, 13)
(27472, 13)
(27473, 13)
(27474, 13)
(27475, 13)
(27476, 13)
(27477, 13)
(27478, 13)
(27479, 13)
(27480, 13)
(27481, 13)
(27482, 13)
(27483, 13)
(27484, 13)
(27485, 13)
(27486, 13)
(27487, 13)
(27488, 13)
(27489, 13)
(27490, 13)
(27491, 13)
(27492, 13)
(27493, 13)
(27494, 13)
(27495, 13)
(27496, 13)
(27497, 13)
(27498, 13)
(27499, 13)
(27500, 13)
(27501, 13)
(27502, 13)
(27503, 13)
(27504, 13)
(27505, 13)
(27506, 13)
(27507, 13)
(27508, 13)
(27509, 13)
(27510, 13)
(27511, 13)
(27512, 13)
(27513, 13)
(27514, 13)
(27515, 13)
(27516, 13)
(27517, 13)
(27518, 13)
(27519, 13)
(27520, 13)
(27521, 13)
(27522, 13)
(27523, 13)
(27524, 13)
(27525, 13)
(27526, 13)
(27527, 13)
(27528, 13)
(27529, 13)
(27530, 13)
(27531, 13)
(27532, 13)
(27533, 13)
(27534, 13)
(27535, 13)
(27536, 13)
(27537, 13)
(27538, 13)
(27539, 13)
(27540, 13)
(27541, 13)
(27542, 13)
(27543, 13)
(27544, 13)
(27545, 13)
(27546, 13)
(27547, 13)
(27548, 13)
(27549, 13)
(27550, 13)
(27551, 13)
(27552, 13)
(27553, 13)
(27554, 13)
(27555, 13)
(27556, 13)
(27557, 13)
(27558, 13)
(27559, 13)
(27560, 13)
(27561, 13)
(27562, 13)
(27563, 13)
(27564, 13)
(27565, 13)
(27566, 13)
(27567, 13)
(27568, 13)
(27569, 13)
(27570, 13)
(27571, 13)
(27572, 13)
(27573, 13)
(27574, 13)
(27575, 13)
(27576, 13)
(27577, 13)
(27578, 13)
(27579, 13)
(27580, 13)
(27581, 13)
(27582, 13)
(27583, 13)
(27584, 13)
(27585, 13)
(27586, 13)
(27587, 13)
(27588, 13)
(27589, 13)
(27590, 13)
(27591, 13)
(27592, 13)
(27593, 13)
(27594, 13)
(27595, 13)
(27596, 13)
(27597, 13)
(27598, 13)
(27599, 13)
(27600, 13)
(27601, 13)
(27602, 13)
(27603, 13)
(27604, 13)
(27605, 13)
(27606, 13)
(27607, 13)
(27608, 13)
(27609, 13)
(27610, 13)
(27611, 13)
(27612, 13)
(27613, 13)
(27614, 13)
(27615, 13)
(27616, 13)
(27617, 13)
(27618, 13)
(27619, 13)
(27620, 13)
(27621, 13)
(27622, 13)
(27623, 13)
(27624, 13)
(27625, 13)
(27626, 13)
(27627, 13)
(27628, 13)
(27629, 13)
(27630, 13)
(27631, 13)
(27632, 13)
(27633, 13)
(27634, 13)
(27635, 13)
(27636, 13)
(27637, 13)
(27638, 13)
(27639, 13)
(27640, 13)
(27641, 13)
(27642, 13)
(27643, 13)
(27644, 13)
(27645, 13)
(27646, 13)
(27647, 13)
(27648, 13)
(27649, 13)
(27650, 13)
(27651, 13)
(27652, 13)
(27653, 13)
(27654, 13)
(27655, 13)
(27656, 13)
(27657, 13)
(27658, 13)
(27659, 13)
(27660, 13)
(27661, 13)
(27662, 13)
(27663, 13)
(27664, 13)
(27665, 13)
(27666, 13)
(27667, 13)
(27668, 13)
(27669, 13)
(27670, 13)
(27671, 13)
(27672, 13)
(27673, 13)
(27674, 13)
(27675, 13)
(27676, 13)
(27677, 13)
(27678, 13)
(27679, 13)
(27680, 13)
(27681, 13)
(27682, 13)
(27683, 13)
(27684, 13)
(27685, 13)
(27686, 13)
(27687, 13)
(27688, 13)
(27689, 13)
(27690, 13)
(27691, 13)
(27692, 13)
(27693, 13)
(27694, 13)
(27695, 13)
(27696, 13)
(27697, 13)
(27698, 13)
(27699, 13)
(27700, 13)
(27701, 13)
(27702, 13)
(27703, 13)
(27704, 13)
(27705, 13)
(27706, 13)
(27707, 13)
(27708, 13)
(27709, 13)
(27710, 13)
(27711, 13)
(27712, 13)
(27713, 13)
(27714, 13)
(27715, 13)
(27716, 13)
(27717, 13)
(27718, 13)
(27719, 13)
(27720, 13)
(27721, 13)
(27722, 13)
(27723, 13)
(27724, 13)
(27725, 13)
(27726, 13)
(27727, 13)
(27728, 13)
(27729, 13)
(27730, 13)
(27731, 13)
(27732, 13)
(27733, 13)
(27734, 13)
(27735, 13)
(27736, 13)
(27737, 13)
(27738, 13)
(27739, 13)
(27740, 13)
(27741, 13)
(27742, 13)
(27743, 13)
(27744, 13)
(27745, 13)
(27746, 13)
(27747, 13)
(27748, 13)
(27749, 13)
(27750, 13)
(27751, 13)
(27752, 13)
(27753, 13)
(27754, 13)
(27755, 13)
(27756, 13)
(27757, 13)
(27758, 13)
(27759, 13)
(27760, 13)
(27761, 13)
(27762, 13)
(27763, 13)
(27764, 13)
(27765, 13)
(27766, 13)
(27767, 13)
(27768, 13)
(27769, 13)
(27770, 13)
(27771, 13)
(27772, 13)
(27773, 13)
(27774, 13)
(27775, 13)
(27776, 13)
(27777, 13)
(27778, 13)
(27779, 13)
(27780, 13)
(27781, 13)
(27782, 13)
(27783, 13)
(27784, 13)
(27785, 13)
(27786, 13)
(27787, 13)
(27788, 13)
(27789, 13)
(27790, 13)
(27791, 13)
(27792, 13)
(27793, 13)
(27794, 13)
(27795, 13)
(27796, 13)
(27797, 13)
(27798, 13)
(27799, 13)
(27800, 13)
(27801, 13)
(27802, 13)
(27803, 13)
(27804, 13)
(27805, 13)
(27806, 13)
(27807, 13)
(27808, 13)
(27809, 13)
(27810, 13)
(27811, 13)
(27812, 13)
(27813, 13)
(27814, 13)
(27815, 13)
(27816, 13)
(27817, 13)
(27818, 13)
(27819, 13)
(27820, 13)
(27821, 13)
(27822, 13)
(27823, 13)
(27824, 13)
(27825, 13)
(27826, 13)
(27827, 13)
(27828, 13)
(27829, 13)
(27830, 13)
(27831, 13)
(27832, 13)
(27833, 13)
(27834, 13)
(27835, 13)
(27836, 13)
(27837, 13)
(27838, 13)
(27839, 13)
(27840, 13)
(27841, 13)
(27842, 13)
(27843, 13)
(27844, 13)
(27845, 13)
(27846, 13)
(27847, 13)
(27848, 13)
(27849, 13)
(27850, 13)
(27851, 13)
(27852, 13)
(27853, 13)
(27854, 13)
(27855, 13)
(27856, 13)
(27857, 13)
(27858, 13)
(27859, 13)
(27860, 13)
(27861, 13)
(27862, 13)
(27863, 13)
(27864, 13)
(27865, 13)
(27866, 13)
(27867, 13)
(27868, 13)
(27869, 13)
(27870, 13)
(27871, 13)
(27872, 13)
(27873, 13)
(27874, 13)
(27875, 13)
(27876, 13)
(27877, 13)
(27878, 13)
(27879, 13)
(27880, 13)
(27881, 13)
(27882, 13)
(27883, 13)
(27884, 13)
(27885, 13)
(27886, 13)
(27887, 13)
(27888, 13)
(27889, 13)
(27890, 13)
(27891, 13)
(27892, 13)
(27893, 13)
(27894, 13)
(27895, 13)
(27896, 13)
(27897, 13)
(27898, 13)
(27899, 13)
(27900, 13)
(27901, 13)
(27902, 13)
(27903, 13)
(27904, 13)
(27905, 13)
(27906, 13)
(27907, 13)
(27908, 13)
(27909, 13)
(27910, 13)
(27911, 13)
(27912, 13)
(27913, 13)
(27914, 13)
(27915, 13)
(27916, 13)
(27917, 13)
(27918, 13)
(27919, 13)
(27920, 13)
(27921, 13)
(27922, 13)
(27923, 13)
(27924, 13)
(27925, 13)
(27926, 13)
(27927, 13)
(27928, 13)
(27929, 13)
(27930, 13)
(27931, 13)
(27932, 13)
(27933, 13)
(27934, 13)
(27935, 13)
(27936, 13)
(27937, 13)
(27938, 13)
(27939, 13)
(27940, 13)
(27941, 13)
(27942, 13)
(27943, 13)
(27944, 13)
(27945, 13)
(27946, 13)
(27947, 13)
(27948, 13)
(27949, 13)
(27950, 13)
(27951, 13)
(27952, 13)
(27953, 13)
(27954, 13)
(27955, 13)
(27956, 13)
(27957, 13)
(27958, 13)
(27959, 13)
(27960, 13)
(27961, 13)
(27962, 13)
(27963, 13)
(27964, 13)
(27965, 13)
(27966, 13)
(27967, 13)
(27968, 13)
(27969, 13)
(27970, 13)
(27971, 13)
(27972, 13)
(27973, 13)
(27974, 13)
(27975, 13)
(27976, 13)
(27977, 13)
(27978, 13)
(27979, 13)
(27980, 13)
(27981, 13)
(27982, 13)
(27983, 13)
(27984, 13)
(27985, 13)
(27986, 13)
(27987, 13)
(27988, 13)
(27989, 13)
(27990, 13)
(27991, 13)
(27992, 13)
(27993, 13)
(27994, 13)
(27995, 13)
(27996, 13)
(27997, 13)
(27998, 13)
(27999, 13)
(28000, 13)
(28001, 13)
(28002, 13)
(28003, 13)
(28004, 13)
(28005, 13)
(28006, 13)
(28007, 13)
(28008, 13)
(28009, 13)
(28010, 13)
(28011, 13)
(28012, 13)
(28013, 13)
(28014, 13)
(28015, 13)
(28016, 13)
(28017, 13)
(28018, 13)
(28019, 13)
(28020, 13)
(28021, 13)
(28022, 13)
(28023, 13)
(28024, 13)
(28025, 13)
(28026, 13)
(28027, 13)
(28028, 13)
(28029, 13)
(28030, 13)
(28031, 13)
(28032, 13)
(28033, 13)
(28034, 13)
(28035, 13)
(28036, 13)
(28037, 13)
(28038, 13)
(28039, 13)
(28040, 13)
(28041, 13)
(28042, 13)
(28043, 13)
(28044, 13)
(28045, 13)
(28046, 13)
(28047, 13)
(28048, 13)
(28049, 13)
(28050, 13)
(28051, 13)
(28052, 13)
(28053, 13)
(28054, 13)
(28055, 13)
(28056, 13)
(28057, 13)
(28058, 13)
(28059, 13)
(28060, 13)
(28061, 13)
(28062, 13)
(28063, 13)
(28064, 13)
(28065, 13)
(28066, 13)
(28067, 13)
(28068, 13)
(28069, 13)
(28070, 13)
(28071, 13)
(28072, 13)
(28073, 13)
(28074, 13)
(28075, 13)
(28076, 13)
(28077, 13)
(28078, 13)
(28079, 13)
(28080, 13)
(28081, 13)
(28082, 13)
(28083, 13)
(28084, 13)
(28085, 13)
(28086, 13)
(28087, 13)
(28088, 13)
(28089, 13)
(28090, 13)
(28091, 13)
(28092, 13)
(28093, 13)
(28094, 13)
(28095, 13)
(28096, 13)
(28097, 13)
(28098, 13)
(28099, 13)
(28100, 13)
(28101, 13)
(28102, 13)
(28103, 13)
(28104, 13)
(28105, 13)
(28106, 13)
(28107, 13)
(28108, 13)
(28109, 13)
(28110, 13)
(28111, 13)
(28112, 13)
(28113, 13)
(28114, 13)
(28115, 13)
(28116, 13)
(28117, 13)
(28118, 13)
(28119, 13)
(28120, 13)
(28121, 13)
(28122, 13)
(28123, 13)
(28124, 13)
(28125, 13)
(28126, 13)
(28127, 13)
(28128, 13)
(28129, 13)
(28130, 13)
(28131, 13)
(28132, 13)
(28133, 13)
(28134, 13)
(28135, 13)
(28136, 13)
(28137, 13)
(28138, 13)
(28139, 13)
(28140, 13)
(28141, 13)
(28142, 13)
(28143, 13)
(28144, 13)
(28145, 13)
(28146, 13)
(28147, 13)
(28148, 13)
(28149, 13)
(28150, 13)
(28151, 13)
(28152, 13)
(28153, 13)
(28154, 13)
(28155, 13)
(28156, 13)
(28157, 13)
(28158, 13)
(28159, 13)
(28160, 13)
(28161, 13)
(28162, 13)
(28163, 13)
(28164, 13)
(28165, 13)
(28166, 13)
(28167, 13)
(28168, 13)
(28169, 13)
(28170, 13)
(28171, 13)
(28172, 13)
(28173, 13)
(28174, 13)
(28175, 13)
(28176, 13)
(28177, 13)
(28178, 13)
(28179, 13)
(28180, 13)
(28181, 13)
(28182, 13)
(28183, 13)
(28184, 13)
(28185, 13)
(28186, 13)
(28187, 13)
(28188, 13)
(28189, 13)
(28190, 13)
(28191, 13)
(28192, 13)
(28193, 13)
(28194, 13)
(28195, 13)
(28196, 13)
(28197, 13)
(28198, 13)
(28199, 13)
(28200, 13)
(28201, 13)
(28202, 13)
(28203, 13)
(28204, 13)
(28205, 13)
(28206, 13)
(28207, 13)
(28208, 13)
(28209, 13)
(28210, 13)
(28211, 13)
(28212, 13)
(28213, 13)
(28214, 13)
(28215, 13)
(28216, 13)
(28217, 13)
(28218, 13)
(28219, 13)
(28220, 13)
(28221, 13)
(28222, 13)
(28223, 13)
(28224, 13)
(28225, 13)
(28226, 13)
(28227, 13)
(28228, 13)
(28229, 13)
(28230, 13)
(28231, 13)
(28232, 13)
(28233, 13)
(28234, 13)
(28235, 13)
(28236, 13)
(28237, 13)
(28238, 13)
(28239, 13)
(28240, 13)
(28241, 13)
(28242, 13)
(28243, 13)
(28244, 13)
(28245, 13)
(28246, 13)
(28247, 13)
(28248, 13)
(28249, 13)
(28250, 13)
(28251, 13)
(28252, 13)
(28253, 13)
(28254, 13)
(28255, 13)
(28256, 13)
(28257, 13)
(28258, 13)
(28259, 13)
(28260, 13)
(28261, 13)
(28262, 13)
(28263, 13)
(28264, 13)
(28265, 13)
(28266, 13)
(28267, 13)
(28268, 13)
(28269, 13)
(28270, 13)
(28271, 13)
(28272, 13)
(28273, 13)
(28274, 13)
(28275, 13)
(28276, 13)
(28277, 13)
(28278, 13)
(28279, 13)
(28280, 13)
(28281, 13)
(28282, 13)
(28283, 13)
(28284, 13)
(28285, 13)
(28286, 13)
(28287, 13)
(28288, 13)
(28289, 13)
(28290, 13)
(28291, 13)
(28292, 13)
(28293, 13)
(28294, 13)
(28295, 13)
(28296, 13)
(28297, 13)
(28298, 13)
(28299, 13)
(28300, 13)
(28301, 13)
(28302, 13)
(28303, 13)
(28304, 13)
(28305, 13)
(28306, 13)
(28307, 13)
(28308, 13)
(28309, 13)
(28310, 13)
(28311, 13)
(28312, 13)
(28313, 13)
(28314, 13)
(28315, 13)
(28316, 13)
(28317, 13)
(28318, 13)
(28319, 13)
(28320, 13)
(28321, 13)
(28322, 13)
(28323, 13)
(28324, 13)
(28325, 13)
(28326, 13)
(28327, 13)
(28328, 13)
(28329, 13)
(28330, 13)
(28331, 13)
(28332, 13)
(28333, 13)
(28334, 13)
(28335, 13)
(28336, 13)
(28337, 13)
(28338, 13)
(28339, 13)
(28340, 13)
(28341, 13)
(28342, 13)
(28343, 13)
(28344, 13)
(28345, 13)
(28346, 13)
(28347, 13)
(28348, 13)
(28349, 13)
(28350, 13)
(28351, 13)
(28352, 13)
(28353, 13)
(28354, 13)
(28355, 13)
(28356, 13)
(28357, 13)
(28358, 13)
(28359, 13)
(28360, 13)
(28361, 13)
(28362, 13)
(28363, 13)
(28364, 13)
(28365, 13)
(28366, 13)
(28367, 13)
(28368, 13)
(28369, 13)
(28370, 13)
(28371, 13)
(28372, 13)
(28373, 13)
(28374, 13)
(28375, 13)
(28376, 13)
(28377, 13)
(28378, 13)
(28379, 13)
(28380, 13)
(28381, 13)
(28382, 13)
(28383, 13)
(28384, 13)
(28385, 13)
(28386, 13)
(28387, 13)
(28388, 13)
(28389, 13)
(28390, 13)
(28391, 13)
(28392, 13)
(28393, 13)
(28394, 13)
(28395, 13)
(28396, 13)
(28397, 13)
(28398, 13)
(28399, 13)
(28400, 13)
(28401, 13)
(28402, 13)
(28403, 13)
(28404, 13)
(28435, 2)
(28436, 3)
(28437, 16)
(28438, 15)
(28439, 17)
(28440, 14)
(28518, 1)
(28522, 1)
(28536, 14)
(28537, 14)
(28606, 17)
(28608, 17)
(28609, 17)
(28610, 17)
(28611, 17)
(28612, 17)
(28699, 13)
(28700, 13)
(28701, 13)
(28702, 13)
(28703, 13)
(28704, 13)
(28705, 13)
(28706, 13)
(28707, 13)
(28708, 13)
(28709, 13)
(28710, 13)
(28711, 13)
(28712, 13)
(28713, 13)
(28714, 13)
(28715, 13)
(28716, 13)
(28717, 13)
(28718, 13)
(28719, 13)
(28720, 13)
(28721, 13)
(28722, 13)
(28723, 13)
(28724, 13)
(28725, 13)
(28726, 13)
(28727, 13)
(28728, 13)
(28729, 13)
(28730, 13)
(28731, 13)
(28732, 13)
(28733, 13)
(28734, 13)
(28735, 13)
(28736, 13)
(28737, 13)
(28738, 13)
(28739, 13)
(28740, 13)
(28741, 13)
(28742, 13)
(28743, 13)
(28744, 13)
(28745, 13)
(28746, 13)
(28747, 13)
(28748, 13)
(28749, 13)
(28750, 13)
(28751, 13)
(28752, 13)
(28753, 13)
(28754, 13)
(28755, 13)
(28756, 13)
(28757, 13)
(28758, 13)
(28759, 13)
(28760, 13)
(28761, 13)
(28762, 13)
(28763, 13)
(28764, 13)
(28765, 13)
(28766, 13)
(28767, 13)
(28768, 13)
(28769, 13)
(28770, 13)
(28771, 13)
(28772, 13)
(28773, 13)
(28774, 13)
(28775, 13)
(28776, 13)
(28777, 13)
(28778, 13)
(28779, 13)
(28780, 13)
(28781, 13)
(28782, 13)
(28783, 13)
(28784, 13)
(28785, 13)
(28786, 13)
(28787, 13)
(28788, 13)
(28789, 13)
(28790, 13)
(28791, 13)
(28792, 13)
(28793, 13)
(28794, 13)
(28795, 13)
(28796, 13)
(28797, 13)
(28798, 13)
(28799, 13)
(28800, 13)
(28801, 13)
(28802, 13)
(28803, 13)
(28804, 13)
(28805, 13)
(28806, 13)
(28807, 13)
(28808, 13)
(28809, 13)
(28810, 13)
(28811, 13)
(28812, 13)
(28813, 13)
(28814, 13)
(28815, 13)
(28816, 13)
(28817, 13)
(28818, 13)
(28819, 13)
(28820, 13)
(28821, 13)
(28822, 13)
(28823, 13)
(28824, 13)
(28825, 13)
(28826, 13)
(28827, 13)
(28828, 13)
(28829, 13)
(28830, 13)
(28831, 13)
(28832, 13)
(28833, 13)
(28834, 13)
(28835, 13)
(28836, 13)
(28837, 13)
(28838, 13)
(28839, 13)
(28840, 13)
(28841, 13)
(28842, 13)
(28843, 13)
(28844, 13)
(28845, 13)
(28846, 13)
(28847, 13)
(28848, 13)
(28849, 13)
(28850, 13)
(28851, 13)
(28852, 13)
(28853, 13)
(28854, 13)
(28855, 13)
(28856, 13)
(28857, 13)
(28858, 13)
(28859, 13)
(28860, 13)
(28861, 13)
(28862, 13)
(28863, 13)
(28864, 13)
(28865, 13)
(28866, 13)
(28867, 13)
(28868, 13)
(28869, 13)
(28870, 13)
(28871, 13)
(28872, 13)
(28873, 13)
(28874, 13)
(28875, 13)
(28876, 13)
(28877, 13)
(28878, 13)
(28879, 13)
(28896, 2)
(28897, 3)
(28898, 1)
(28899, 16)
(28900, 15)
(28901, 2)
(28902, 3)
(28903, 1)
(28904, 16)
(28905, 15)
(28906, 2)
(28907, 3)
(28908, 1)
(28909, 16)
(28910, 15)
(28911, 2)
(28912, 3)
(28913, 1)
(28914, 16)
(28915, 15)
(28916, 2)
(28917, 3)
(28918, 1)
(28919, 16)
(28920, 15)
(28921, 2)
(28922, 3)
(28923, 1)
(28924, 16)
(28925, 15)
(28926, 2)
(28927, 3)
(28928, 1)
(28929, 16)
(28930, 15)
(28931, 2)
(28932, 3)
(28933, 1)
(28934, 16)
(28935, 15)
(28936, 2)
(28937, 3)
(28938, 1)
(28939, 16)
(28940, 15)
(28941, 2)
(28942, 3)
(28943, 1)
(28944, 16)
(28945, 15)
(28946, 2)
(28947, 3)
(28948, 1)
(28949, 16)
(28950, 15)
(28951, 2)
(28952, 3)
(28953, 1)
(28954, 16)
(28955, 15)
(28956, 2)
(28957, 3)
(28958, 1)
(28959, 16)
(28960, 15)
(28961, 2)
(28962, 3)
(28963, 1)
(28964, 16)
(28965, 15)
(28966, 2)
(28967, 3)
(28968, 1)
(28969, 16)
(28970, 15)
(28971, 2)
(28972, 3)
(28973, 1)
(28974, 16)
(28975, 15)
(28976, 2)
(28977, 3)
(28978, 1)
(28979, 16)
(28980, 15)
(28981, 2)
(28982, 3)
(28983, 1)
(28984, 16)
(28985, 15)
(28986, 2)
(28987, 3)
(28988, 1)
(28989, 16)
(28990, 15)
(28991, 2)
(28992, 3)
(28993, 1)
(28994, 16)
(28995, 15)
(29127, 18)
(29128, 13)
(29133, 13)
(29168, 1)
(29171, 13)
(29214, 13)
(29215, 13)
(29216, 16)
(29217, 1)
(29226, 17)
(29227, 17)
(29229, 17)
(29230, 17)
(29231, 17)
(29232, 17)
(29233, 17)
(29234, 17)
(29235, 17)
(29236, 17)
(29237, 17)
(29238, 17)
(29239, 17)
(29240, 17)
(29241, 17)
(29242, 17)
(29243, 17)
(29244, 17)
(29245, 17)
(29246, 17)
(29248, 17)
(29250, 17)
(29251, 17)
(29252, 17)
(29253, 17)
(29254, 17)
(29255, 17)
(29256, 17)
(29257, 17)
(29258, 17)
(29259, 17)
(29260, 17)
(29261, 17)
(29262, 17)
(29263, 17)
(29264, 17)
(29265, 17)
(29266, 17)
(29267, 17)
(29268, 17)
(29269, 17)
(29270, 17)
(29271, 17)
(29272, 17)
(29273, 17)
(29274, 17)
(29275, 17)
(29276, 17)
(29324, 19)
(29358, 13)
(29367, 13)
(29368, 13)
(29369, 13)
(29370, 13)
(29371, 13)
(29372, 13)
(29373, 13)
(29374, 13)
(29375, 13)
(29376, 13)
(29377, 13)
(29378, 13)
(29379, 13)
(29380, 13)
(29381, 13)
(29382, 13)
(29383, 13)
(29384, 13)
(29385, 13)
(29386, 13)
(29387, 13)
(29388, 13)
(29389, 13)
(29390, 13)
(29391, 13)
(29392, 13)
(29393, 13)
(29394, 13)
(29395, 13)
(29396, 13)
(29397, 13)
(29398, 13)
(29399, 13)
(29400, 13)
(29401, 13)
(29402, 13)
(29403, 13)
(29404, 13)
(29405, 13)
(29406, 13)
(29407, 13)
(29408, 13)
(29409, 13)
(29410, 13)
(29411, 13)
(29412, 13)
(29413, 13)
(29414, 13)
(29752, 13)
(29756, 13)
(29757, 13)
(29758, 13)
(29759, 13)
(29779, 17)
(29794, 15)
(29795, 1)
(29803, 13)
(29808, 18)
(29809, 18)
(29810, 18)
(29811, 18)
(29813, 13)
(29814, 13)
(29815, 13)
(29816, 13)
(29817, 13)
(29818, 13)
(29819, 13)
(29820, 13)
(29821, 13)
(29822, 13)
(29823, 13)
(29824, 13)
(29825, 13)
(29826, 13)
(29827, 13)
(29828, 13)
(29829, 13)
(29830, 13)
(29831, 13)
(29832, 13)
(29833, 13)
(29834, 13)
(29835, 13)
(29836, 13)
(29837, 13)
(29838, 13)
(29839, 13)
(29840, 13)
(29841, 13)
(29842, 13)
(29843, 13)
(29844, 13)
(29845, 13)
(29846, 13)
(29847, 13)
(29848, 13)
(29849, 13)
(29850, 13)
(29851, 13)
(29852, 13)
(29853, 13)
(29854, 13)
(29855, 13)
(29856, 13)
(29857, 13)
(29858, 13)
(29859, 13)
(29860, 13)
(29861, 13)
(29862, 13)
(29863, 13)
(29864, 13)
(29865, 13)
(29866, 13)
(29867, 13)
(29868, 13)
(29869, 13)
(29870, 13)
(29871, 13)
(29872, 13)
(29873, 13)
(29874, 13)
(29875, 13)
(29876, 13)
(29884, 13)
(29885, 13)
